feature,coeff
YYYY,0.0
FIPS_Combined,0.027986396801536435
GEO.id2,1.7442469594184618e-18
HC01_VC03,0.2620814043800047
HC02_VC03,-0.4233757589322871
HC03_VC03,0.0017719359374375485
HC01_VC04,-0.02035462842224051
HC02_VC04,2.2955424287355752
HC03_VC04,-140.1074508925125
HC04_VC04,1411.7460497303896
HC01_VC06,0.0010167954232224632
HC02_VC06,3.0449961140837125
HC03_VC06,-76.56250531533718
HC04_VC06,453.131019402909
HC01_VC07,-0.060903760970560473
HC02_VC07,2.737113047980561
HC03_VC07,-74.31191049960292
HC04_VC07,15.226174938643094
HC01_VC08,-0.09501739372161905
HC02_VC08,4.983443817803713
HC03_VC08,23.207593250713206
HC04_VC08,-14.201392621680945
HC01_VC09,1.0413685897017626
HC02_VC09,-16.05978159613917
HC03_VC09,138.34332427167428
HC04_VC09,281.54662405705625
HC01_VC10,1.6784944637463426
HC02_VC10,-8.739717899583367
HC03_VC10,264.17432382325524
HC04_VC10,-0.0
HC01_VC11,0.18522461690437145
HC02_VC11,-9.665508209709277
HC03_VC11,121.17250347582724
HC04_VC11,-55.46553841962491
HC01_VC12,0.24423455363137828
HC02_VC12,-8.127862233112783
HC03_VC12,86.19291658279575
HC04_VC12,-447.900186255756
HC01_VC13,0.016127713768436306
HC02_VC13,-0.17188981910765844
HC03_VC13,-177.17042556492035
HC04_VC13,-541.2734551404455
HC01_VC14,0.006059294850198517
HC02_VC14,-0.42293904922477993
HC03_VC14,2.920063239377565
HC04_VC14,78.81771616679069
HC01_VC15,-0.05311665676862404
HC02_VC15,-2.1581885842994515
HC03_VC15,12.82915460611424
HC04_VC15,-323.26593757480634
HC01_VC17,-0.021065396002765593
HC02_VC17,4.211490482238194
HC03_VC17,-0.7240794091157576
HC04_VC17,147.78990759084806
HC01_VC18,-0.05104182412406292
HC02_VC18,-0.14864831388457567
HC03_VC18,-32.519747564498644
HC04_VC18,31.316102077115502
HC01_VC20,-0.0
HC02_VC20,-0.0
HC01_VC21,0.0
HC02_VC21,-0.0
HC01_VC25,0.0016414388875932834
HC02_VC25,0.890535846781982
HC03_VC25,-0.0013362057059599945
HC01_VC26,-0.003406435616474897
HC02_VC26,0.15104479378473493
HC03_VC26,-21.71538775960559
HC04_VC26,-217.09215330309306
HC01_VC27,-0.05950959699183257
HC02_VC27,2.851945001173926
HC03_VC27,-117.06170629290796
HC04_VC27,-36.3943372526858
HC01_VC28,0.024541545003174174
HC02_VC28,-0.333428581421795
HC03_VC28,-55.08030728965108
HC04_VC28,29.89514348483353
HC01_VC29,0.3123790756033884
HC02_VC29,-6.536587088576069
HC03_VC29,87.35189171797569
HC04_VC29,186.7306221235935
HC01_VC30,0.010560770496171197
HC02_VC30,-0.2533526503284011
HC03_VC30,-118.83124232098615
HC04_VC30,432.410386268014
HC01_VC31,-0.14819668938834835
HC02_VC31,-1.4621129007755567
HC03_VC31,8.243057735372366
HC04_VC31,-413.73778709099867
HC01_VC35,-0.001981630784971928
HC03_VC35,-2.57890015872787e-16
HC01_VC36,0.0603595192848284
HC02_VC36,-3.2373149722198535
HC03_VC36,-1.9125990434560087
HC04_VC36,1.8134731637394654
HC01_VC37,-0.0566050435779573
HC02_VC37,2.0556877723075373
HC03_VC37,24.68689121730868
HC04_VC37,-509.8122810904813
HC01_VC38,1.8981167189722432
HC02_VC38,-9.875600950434169
HC03_VC38,-335.41849091279954
HC04_VC38,249.97348270503306
HC01_VC39,-0.21892876007124995
HC02_VC39,0.7166510874761443
HC03_VC39,21.83600686556017
HC04_VC39,74.75515625667379
HC01_VC40,-0.32037914464825323
HC02_VC40,3.096463103855686
HC03_VC40,-114.69091981548401
HC04_VC40,-190.50847494985322
HC01_VC42,0.0035978098071372975
HC03_VC42,1.1812922836632567e-19
HC01_VC43,0.07239721444940214
HC02_VC43,-3.722075674051918
HC03_VC43,-48.312701357909646
HC04_VC43,6.630352905007845
HC01_VC44,-0.06254259795911128
HC02_VC44,2.7838478596347813
HC03_VC44,-4.016651309947326
HC04_VC44,-293.19708252923067
HC01_VC45,1.2857369986163174
HC02_VC45,-11.626044410113852
HC03_VC45,144.89845339718045
HC04_VC45,421.54399845416793
HC01_VC46,-0.06441541083328581
HC02_VC46,2.1643295043877644
HC03_VC46,-97.38902759252804
HC04_VC46,450.92359692399253
HC01_VC47,-0.17670363139580159
HC02_VC47,2.89375183746694
HC03_VC47,-42.3702324818535
HC04_VC47,-95.38440482226379
HC01_VC51,0.1768271895115231
HC02_VC51,7.504451894863338
HC03_VC51,-0.44328555091737554
HC01_VC52,2.212527838281029
HC02_VC52,-7.450565313043751
HC03_VC52,8.760719042323673
HC01_VC53,-11.074715597923182
HC02_VC53,0.15058449897548334
HC01_VC54,-22.72932344095726
HC02_VC54,48.043986378213425
HC01_VC55,5.747977979913731
HC02_VC55,-4.53359319170575
HC01_VC56,7.703653164980581
HC02_VC56,-5.946724039882769
HC01_VC57,-0.3959816821781432
HC02_VC57,5.318029756139335
HC01_VC61,0.04868811772449317
HC02_VC61,-1.6686625009651102
HC03_VC61,0.08960847637025277
HC01_VC62,-0.10996678188492238
HC02_VC62,-1.6421016608948442
HC03_VC62,4.73693467729377
HC04_VC62,-33.05961335406387
HC01_VC64,0.5748389465516449
HC02_VC64,-7.555680812186554
HC03_VC64,0.7803113210760161
HC04_VC64,39.96606464601319
HC01_VC65,0.5040312680202272
HC02_VC65,-4.682500023582965
HC03_VC65,11.623059639415548
HC04_VC65,34.87873097307156
HC01_VC66,0.9282025655801506
HC02_VC66,-0.07374394811864034
HC03_VC66,-14.350621033508522
HC04_VC66,21.003171034383524
HC01_VC67,1.163909879481116
HC02_VC67,-5.970238071880802
HC03_VC67,9.127575031410137
HC04_VC67,8.346326007939556
HC01_VC69,0.16487503836719575
HC02_VC69,0.23783231827043788
HC03_VC69,-0.019831402009065795
HC01_VC70,0.4737076441312498
HC02_VC70,-2.3339571907256564
HC03_VC70,-17.91978991032702
HC01_VC71,-0.6991065729014975
HC02_VC71,5.742508502656012
HC03_VC71,15.707880060113276
HC01_VC75,-0.03035267634381574
HC02_VC75,0.3121028663037372
HC03_VC75,-0.002483150087942447
HC01_VC76,0.0848612660790834
HC02_VC76,0.49361139089131
HC03_VC76,57.58911156320379
HC04_VC76,-281.2331876129165
HC01_VC77,-0.29967448419535747
HC02_VC77,1.0866791074394262
HC03_VC77,143.4269856307933
HC04_VC77,-211.02021187579007
HC01_VC78,-0.014753078849233495
HC02_VC78,1.1958823620476322
HC03_VC78,6.0472139174715736
HC04_VC78,-19.986240462024217
HC01_VC79,-0.01739207443646798
HC02_VC79,-0.9382457880887003
HC03_VC79,-0.8226979296009211
HC04_VC79,-75.01673417834863
HC01_VC80,0.043109837486592514
HC02_VC80,-1.1110594324219953
HC03_VC80,-8.578584161402345
HC04_VC80,-359.0455941455965
HC01_VC84,-0.00496192670374773
HC03_VC84,-1.1266570883177026e-16
HC01_VC85,0.43543868983113776
HC02_VC85,-6.7049614369939246
HC03_VC85,-5.499458396551172
HC04_VC85,199.7380715376464
HC01_VC86,0.11235134909191509
HC02_VC86,0.39313215645343674
HC03_VC86,10.39664854764144
HC04_VC86,101.94857273457413
HC01_VC87,-0.026909127249700612
HC02_VC87,-0.11868795304522405
HC03_VC87,21.77970431746388
HC04_VC87,-177.50553795504834
HC01_VC88,-0.06451934951847438
HC02_VC88,2.861380563191014
HC03_VC88,-2.823969708094502
HC04_VC88,-144.36422127832526
HC01_VC89,-0.1253694285029597
HC02_VC89,3.197152529026924
HC03_VC89,-92.58593548537188
HC04_VC89,1.262227410750636
HC01_VC90,-0.04503053035426424
HC02_VC90,2.9369279016659444
HC03_VC90,-79.2440714588716
HC04_VC90,-136.46437686281
HC01_VC91,-0.03282441919977546
HC02_VC91,2.3155723244941453
HC03_VC91,36.05607518280771
HC04_VC91,1196.6870641091507
HC03_VC93,14.120698059235242
HC04_VC93,193.87347853604206
HC03_VC94,-9.149658281055434
HC04_VC94,-159.17053608843148
HC01_VC98,-0.0004365454746726438
HC02_VC98,-10.349224638082024
HC03_VC98,0.003513354325348748
HC01_VC99,-0.07649195491463051
HC02_VC99,1.750574665611621
HC03_VC99,-51.537030161645504
HC04_VC99,-127.22399493411481
HC01_VC117,0.0026759130086765563
HC02_VC117,6.436479069317791
HC03_VC117,-0.004382401091117137
HC01_VC118,0.0008938551982563523
HC02_VC118,-1.1384639751925976
HC03_VC118,-109.44551871430292
HC04_VC118,-93.30829797597761
HC01_VC119,-0.012707715881557589
HC02_VC119,-0.1056944048909563
HC03_VC119,23.541199943470197
HC04_VC119,-206.4574894977826
HC01_VC120,-0.0033686004345239518
HC02_VC120,0.17904776577707385
HC03_VC120,-71.56030757043423
HC04_VC120,-20.983602552055903
HC01_VC121,-0.0040134894612476385
HC02_VC121,0.23416456957456902
HC03_VC121,75.73015288350256
HC04_VC121,-186.60239814604975
HC01_VC122,-0.27684372385387995
HC02_VC122,1.6106995464445437
HC03_VC122,13.879968769637408
HC04_VC122,-133.78158664286303
HC01_VC123,0.382595237651063
HC02_VC123,-1.3809919723753186
HC03_VC123,-41.617902778793066
HC04_VC123,103.52610410743722
HC01_VC124,0.44579232269327634
HC02_VC124,-0.24559689868397588
HC03_VC124,-542.482354513469
HC04_VC124,950.5972348520901
HC01_VC128,-0.0004805322158089563
HC03_VC128,-2.5573133233668167e-18
HC01_VC129,-0.0004531658877922566
HC02_VC129,0.8974880375041647
HC03_VC129,47.65622771250933
HC04_VC129,551.4253786258374
HC01_VC130,-0.0018687353200740205
HC02_VC130,1.7864365314033157
HC03_VC130,119.23565318662209
HC04_VC130,1517.3983868338037
HC01_VC131,-0.0011548870953222822
HC02_VC131,0.772451250516392
HC03_VC131,15.550164131177146
HC04_VC131,-24.907921992001754
HC01_VC132,-0.027507915472382474
HC02_VC132,0.8467773959997816
HC03_VC132,19.27875846791625
HC04_VC132,-256.01805869112036
HC01_VC133,0.5721106430913533
HC02_VC133,-3.566091735979398
HC03_VC133,-191.5574371231749
HC04_VC133,2421.333656380644
HC01_VC134,-0.01825202834371552
HC02_VC134,-0.9275999890184011
HC03_VC134,10.637239084786824
HC04_VC134,0.0
HC01_VC138,0.015766111686174093
HC02_VC138,-0.684744608973163
HC03_VC138,0.012502553090054276
HC01_VC139,-0.003951389888110439
HC02_VC139,-1.2915199688420802
HC01_VC140,0.03677540370383381
HC02_VC140,-0.255661218376853
HC01_VC144,0.0103645286724453
HC02_VC144,0.28894406481121115
HC03_VC144,-0.004757097785842947
HC01_VC146,0.3088408824361443
HC02_VC146,-2.1144448313083104
HC03_VC146,0.11137527540617737
HC01_VC147,0.24372023209299443
HC02_VC147,-8.22335063299633
HC01_VC148,0.24825578252769015
HC02_VC148,-0.49681230002426624
HC01_VC150,-0.04670586168725556
HC02_VC150,-0.19509528124472375
HC03_VC150,0.0035620248980703676
HC01_VC151,0.018844323179517928
HC02_VC151,0.6102392765767306
HC01_VC152,-0.033357684035494335
HC02_VC152,-0.7514482780123831
HC01_VC156,0.01489987767788924
HC02_VC156,-0.1418340550821373
HC03_VC156,0.0025898177958492163
HC01_VC157,-0.30248998488684686
HC02_VC157,1.0370465578893582
HC01_VC158,0.08371700744461719
HC02_VC158,-1.4257512285611857
HC01_VC159,-0.0491712634453651
HC02_VC159,5.66608889425238
HC01_VC160,11.277661475778622
HC02_VC160,-6.825842562023661
HC01_VC161,-0.15616751838966503
HC02_VC161,-0.1403143285900046
HC01_VC162,-9.51979322377134
HC02_VC162,6.96407746464384
HC01_VC166,0.009984717446440038
HC03_VC166,0.0
HC01_VC167,-0.0009069786229168454
HC02_VC167,1.2450394037821202
HC03_VC167,35.18437287093027
HC04_VC167,-0.0
HC01_VC168,0.01026574995176182
HC02_VC168,-0.2897261084374659
HC03_VC168,-13.059809373800684
HC04_VC168,-0.0
HC01_VC170,0.04818396505763391
HC02_VC170,-0.1081258991705199
HC03_VC170,-146.87653410099747
HC04_VC170,254.58804355838905
HC01_VC171,0.034281475914084876
HC02_VC171,-1.804599867369
HC03_VC171,6.574784433655501
HC04_VC171,-305.7778210020661
HC01_VC172,0.07896883641863259
HC02_VC172,-1.0376321309881689
HC03_VC172,47.55766890542835
HC04_VC172,0.0
HC01_VC173,-0.11702608997690812
HC02_VC173,1.2399979615954626
HC03_VC173,27.55523079073509
HC04_VC173,-246.05099304073556
HC01_VC174,0.06844094954177495
HC02_VC174,-1.154196778820557
HC03_VC174,37.96674499930855
HC04_VC174,0.0
HC01_VC175,0.0741793217691986
HC02_VC175,2.0224079090764935
HC03_VC175,-92.39326776322997
HC04_VC175,0.0
HC01_VC176,0.0027120225095904086
HC02_VC176,-4.120090531410369
HC03_VC176,-0.0
HC04_VC176,-0.0
HC01_VC177,-0.8394386673812011
HC02_VC177,4.451482905014367
HC03_VC177,-631.6119894554265
HC04_VC177,-2082.7537758410244
HC01_VC178,-0.8788010369722083
HC02_VC178,5.703128773306707
HC03_VC178,-184.71567769462234
HC04_VC178,-0.0
HC01_VC182,0.002030981977764167
HC03_VC182,1.6730421910900418e-18
HC01_VC183,-0.018842616446337525
HC02_VC183,0.11345075646825215
HC03_VC183,8.087643595032995
HC04_VC183,-82.92629171513309
HC01_VC184,-1.2199629112684975
HC02_VC184,4.313687851413621
HC03_VC184,-93.24534299480315
HC04_VC184,-35.58122825971067
HC01_VC185,-2.223512063880777
HC02_VC185,11.305635999011574
HC03_VC185,89.62885856972095
HC04_VC185,-2398.3017421285745
HC01_VC186,3.276255669497691
HC02_VC186,4.51139938739007
HC03_VC186,-359.7746435087804
HC04_VC186,-0.0
HC01_VC187,-0.2547085876391766
HC02_VC187,1.7512568896357739
HC03_VC187,-350.3524734415527
HC04_VC187,-94.38351367554012
HC01_VC188,0.033013331228101565
HC02_VC188,-0.48251365599487256
HC03_VC188,-60.81164863069219
HC04_VC188,2.7466791660764427
HC01_VC189,0.022081418141884846
HC02_VC189,1.1878216875163097
HC03_VC189,14.237571145301565
HC04_VC189,-23.506316608114965
HC01_VC190,-2.790961783571315
HC02_VC190,2.227934205950653
HC03_VC190,58.96586635304309
HC04_VC190,-34.07164258514595
HC01_VC191,0.019213258474496512
HC02_VC191,1.0639947232396951
HC03_VC191,-42.62812786241081
HC04_VC191,409.77299494324393
HC01_VC192,-0.6039314398903415
HC02_VC192,0.8326341047689718
HC03_VC192,-818.6459982468924
HC04_VC192,-852.1861741049355
HC01_VC193,-0.4660031014998717
HC02_VC193,4.259089904449337
HC03_VC193,581.4724230995654
HC04_VC193,-403.6321881096875
HC01_VC194,0.055248826175319385
HC02_VC194,-0.6284155062529044
HC03_VC194,92.57975042348002
HC04_VC194,199.90718341756593
HC01_VC195,-0.0014471713631859305
HC02_VC195,-0.9793896284544873
HC03_VC195,57.39635440782854
HC04_VC195,-2.4807960273897307
HC01_VC196,-0.037624263034477246
HC02_VC196,-2.7576510018530374
HC03_VC196,704.8050516396448
HC04_VC196,0.0
HC01_VC197,0.37140433982621135
HC02_VC197,-2.2565303683651883
HC03_VC197,67.14616526795108
HC04_VC197,-223.8656475855335
HC01_VC198,-0.10400198483128399
HC02_VC198,0.11626776644339884
HC03_VC198,34.61128293287527
HC04_VC198,-0.0
HC01_VC199,2.671616411615331
HC02_VC199,1.1810310635539092
HC03_VC199,-1929.6688008762305
HC04_VC199,-0.0
HC01_VC200,0.22691946350389153
HC02_VC200,-1.1436597384861453
HC03_VC200,-25.468839444943104
HC04_VC200,272.0954010620647
HC01_VC201,-0.1891017094237717
HC02_VC201,-1.9032116134953678
HC03_VC201,65.94917018674523
HC04_VC201,0.0
HC01_VC202,0.1936283783599536
HC02_VC202,0.2624869564669549
HC03_VC202,152.5842095572638
HC04_VC202,-238.39738614909302
HC01_VC203,-0.1967837485837449
HC02_VC203,-0.6809543175610466
HC03_VC203,157.29871950494382
HC04_VC203,-9.113716561956517
HC01_VC204,0.17726423385281406
HC02_VC204,0.35584900402903263
HC03_VC204,-49.32713067316174
HC04_VC204,-177.70365564525926
HC01_VC205,-0.2557884564966251
HC02_VC205,0.5321880960959098
HC03_VC205,-0.0
HC04_VC205,-0.0
HC01_VC206,-1.1074219175735636
HC02_VC206,0.5509227155952707
HC03_VC206,471.7697482663142
HC04_VC206,-1407.4444589194152
HC01_VC207,0.7385626511078642
HC02_VC207,-1.8755742978722427
HC03_VC207,-0.0
HC04_VC207,-0.0
HC01_VC208,-0.27665310848275443
HC02_VC208,3.636649502962025
HC03_VC208,7.148609131044304
HC04_VC208,867.7741361905788
HC01_VC209,0.8454220293653375
HC02_VC209,-4.086355664557805
HC03_VC209,-0.0
HC04_VC209,2486.035543763724
COUNTY_ACCOMACK,0.0
COUNTY_ADAIR,-0.0
COUNTY_ADAMS,0.0
COUNTY_ALBEMARLE,-0.0
COUNTY_ALEXANDRIA CITY,-0.0
COUNTY_ALLEGHANY,26.227203864430937
COUNTY_ALLEGHENY,-0.0
COUNTY_ALLEN,-0.0
COUNTY_AMELIA,-0.0
COUNTY_AMHERST,0.0
COUNTY_ANDERSON,0.0
COUNTY_APPOMATTOX,-0.0
COUNTY_ARLINGTON,0.0
COUNTY_ARMSTRONG,40.20542322535224
COUNTY_ASHLAND,-0.0
COUNTY_ASHTABULA,-0.0
COUNTY_ATHENS,0.0
COUNTY_AUGLAIZE,-0.0
COUNTY_AUGUSTA,-0.0
COUNTY_BALLARD,0.0
COUNTY_BARBOUR,-0.0
COUNTY_BARREN,0.0
COUNTY_BATH,0.0
COUNTY_BEAVER,-881.9597858745193
COUNTY_BEDFORD,-0.0
COUNTY_BELL,0.0
COUNTY_BELMONT,0.0
COUNTY_BERKELEY,0.0
COUNTY_BERKS,-7301.159439247733
COUNTY_BLAIR,0.0
COUNTY_BLAND,0.0
COUNTY_BOONE,-0.0
COUNTY_BOTETOURT,-0.0
COUNTY_BOURBON,-0.0
COUNTY_BOYD,0.0
COUNTY_BOYLE,0.0
COUNTY_BRACKEN,0.0
COUNTY_BRADFORD,-0.0
COUNTY_BRAXTON,0.0
COUNTY_BREATHITT,-0.0
COUNTY_BRECKINRIDGE,0.0
COUNTY_BROOKE,-641.5537256119547
COUNTY_BROWN,-0.0
COUNTY_BRUNSWICK,0.0
COUNTY_BUCHANAN,0.0
COUNTY_BUCKINGHAM,-0.0
COUNTY_BUCKS,28460.875077821198
COUNTY_BULLITT,1228.6566859333325
COUNTY_BUTLER,-1880.8895533869375
COUNTY_CABELL,-0.0
COUNTY_CALDWELL,0.0
COUNTY_CALLOWAY,0.0
COUNTY_CAMBRIA,-0.0
COUNTY_CAMPBELL,-0.0
COUNTY_CARBON,-1916.0189713117159
COUNTY_CAROLINE,0.0
COUNTY_CARROLL,-0.0
COUNTY_CARTER,-0.0
COUNTY_CASEY,-0.0
COUNTY_CENTRE,-0.0
COUNTY_CHAMPAIGN,-66.1612615062576
COUNTY_CHARLOTTE,-0.0
COUNTY_CHESAPEAKE CITY,-3344.5159904394363
COUNTY_CHESTER,0.0
COUNTY_CHESTERFIELD,80.2086997242769
COUNTY_CHRISTIAN,0.0
COUNTY_CLARION,0.0
COUNTY_CLARK,-0.0
COUNTY_CLARKE,0.0
COUNTY_CLAY,21.794309648738253
COUNTY_CLEARFIELD,0.0
COUNTY_CLERMONT,-0.0
COUNTY_CLINTON,-0.0
COUNTY_COLUMBIA,0.0
COUNTY_COLUMBIANA,-0.0
COUNTY_COSHOCTON,-0.0
COUNTY_CRAIG,0.0
COUNTY_CRAWFORD,0.0
COUNTY_CRITTENDEN,0.0
COUNTY_CULPEPER,0.0
COUNTY_CUMBERLAND,-0.0
COUNTY_CUYAHOGA,-8754.529429045167
COUNTY_DARKE,-0.0
COUNTY_DAUPHIN,153.38452283228398
COUNTY_DAVIESS,-0.0
COUNTY_DEFIANCE,57.667902787853166
COUNTY_DELAWARE,7796.725422049519
COUNTY_DICKENSON,-0.0
COUNTY_DINWIDDIE,-0.0
COUNTY_DODDRIDGE,-0.0
COUNTY_EDMONSON,-0.0
COUNTY_ELK,1352.1399855977106
COUNTY_ELLIOTT,0.0
COUNTY_ERIE,-0.0
COUNTY_ESSEX,-0.0
COUNTY_ESTILL,0.0
COUNTY_FAIRFAX,0.0
COUNTY_FAIRFIELD,733.9546187745835
COUNTY_FAUQUIER,0.0
COUNTY_FAYETTE,-2403.208875168781
COUNTY_FLEMING,-0.0
COUNTY_FLOYD,-0.0
COUNTY_FLUVANNA,0.0
COUNTY_FOREST,-0.0
COUNTY_FRANKLIN,-675.0229630309915
COUNTY_FREDERICK,0.0
COUNTY_FULTON,-0.0
COUNTY_GALLATIN,-0.0
COUNTY_GALLIA,-0.0
COUNTY_GARRARD,-0.0
COUNTY_GEAUGA,-0.0
COUNTY_GILES,0.0
COUNTY_GILMER,-0.0
COUNTY_GLOUCESTER,-0.0
COUNTY_GOOCHLAND,-0.0
COUNTY_GRANT,0.0
COUNTY_GRAVES,0.0
COUNTY_GRAYSON,0.0
COUNTY_GREEN,-0.0
COUNTY_GREENBRIER,-0.0
COUNTY_GREENE,111.79192864451821
COUNTY_GREENSVILLE,-0.0
COUNTY_GREENUP,-0.0
COUNTY_GUERNSEY,-0.0
COUNTY_HALIFAX,0.0
COUNTY_HAMILTON,34534.93681102658
COUNTY_HAMPSHIRE,0.0
COUNTY_HAMPTON CITY,0.0
COUNTY_HANCOCK,0.0
COUNTY_HANOVER,0.0
COUNTY_HARDIN,0.0
COUNTY_HARDY,0.0
COUNTY_HARLAN,0.0
COUNTY_HARRISON,-23.835873763763264
COUNTY_HARRISONBURG CITY,-0.0
COUNTY_HART,0.0
COUNTY_HENDERSON,-1137.321782260695
COUNTY_HENRICO,-7487.760908222666
COUNTY_HENRY,-0.0
COUNTY_HICKMAN,0.0
COUNTY_HIGHLAND,-0.0
COUNTY_HOCKING,-91.15326864870251
COUNTY_HOLMES,-0.0
COUNTY_HOPEWELL CITY,0.0
COUNTY_HOPKINS,0.0
COUNTY_HUNTINGDON,1583.9518012555525
COUNTY_HURON,-0.0
COUNTY_INDIANA,132.13444505366007
COUNTY_ISLE OF WIGHT,1196.4062179250375
COUNTY_JACKSON,0.0
COUNTY_JAMES CITY,0.0
COUNTY_JEFFERSON,-0.0
COUNTY_JESSAMINE,0.0
COUNTY_JOHNSON,-0.0
COUNTY_JUNIATA,219.8268382665292
COUNTY_KANAWHA,0.0
COUNTY_KENTON,-0.0
COUNTY_KING GEORGE,0.0
COUNTY_KING WILLIAM,0.0
COUNTY_KNOTT,-0.0
COUNTY_KNOX,0.0
COUNTY_LACKAWANNA,-0.0
COUNTY_LAKE,23558.13719331144
COUNTY_LANCASTER,-0.0
COUNTY_LARUE,-0.0
COUNTY_LAUREL,1603.2407098340564
COUNTY_LAWRENCE,-2149.302212492735
COUNTY_LEBANON,-0.0
COUNTY_LEE,0.0
COUNTY_LEHIGH,2495.6208754185454
COUNTY_LESLIE,-0.0
COUNTY_LETCHER,0.0
COUNTY_LEWIS,0.0
COUNTY_LICKING,7828.03578058719
COUNTY_LINCOLN,0.0
COUNTY_LIVINGSTON,0.0
COUNTY_LOGAN,-0.0
COUNTY_LORAIN,-9918.002272920034
COUNTY_LOUDOUN,99.22808951565145
COUNTY_LOUISA,-0.0
COUNTY_LUCAS,0.0
COUNTY_LUNENBURG,-0.0
COUNTY_LUZERNE,-0.0
COUNTY_LYCOMING,0.0
COUNTY_LYON,0.0
COUNTY_MADISON,-0.0
COUNTY_MAGOFFIN,0.0
COUNTY_MAHONING,13.008713642663725
COUNTY_MANASSAS CITY,0.0
COUNTY_MARION,-0.0
COUNTY_MARSHALL,48.5388339537121
COUNTY_MARTIN,-0.0
COUNTY_MARTINSVILLE CITY,0.0
COUNTY_MASON,0.0
COUNTY_MATHEWS,-0.0
COUNTY_MCCRACKEN,-0.0
COUNTY_MCCREARY,-258.5184512369327
COUNTY_MCDOWELL,0.0
COUNTY_MCKEAN,0.0
COUNTY_MCLEAN,-0.0
COUNTY_MEADE,-0.0
COUNTY_MECKLENBURG,942.8706090288124
COUNTY_MEDINA,3292.360609092433
COUNTY_MEIGS,41.66512519460477
COUNTY_MENIFEE,-0.0
COUNTY_MERCER,0.0
COUNTY_METCALFE,0.0
COUNTY_MIAMI,-0.0
COUNTY_MIDDLESEX,0.0
COUNTY_MIFFLIN,0.0
COUNTY_MINERAL,0.0
COUNTY_MINGO,-0.0
COUNTY_MONONGALIA,-4051.7170003343604
COUNTY_MONROE,173.25952968223996
COUNTY_MONTGOMERY,0.0
COUNTY_MONTOUR,0.0
COUNTY_MORGAN,-901.0809431407218
COUNTY_MORROW,-0.0
COUNTY_MUHLENBERG,0.0
COUNTY_MUSKINGUM,-0.0
COUNTY_NELSON,-398.62945205737924
COUNTY_NEW KENT,-0.0
COUNTY_NEWPORT NEWS CITY,-8753.733710915963
COUNTY_NICHOLAS,-0.0
COUNTY_NOBLE,-0.0
COUNTY_NORFOLK CITY,-734.6966305247147
COUNTY_NORTHAMPTON,-0.0
COUNTY_NORTHUMBERLAND,-709.4775272139558
COUNTY_NOTTOWAY,-0.0
COUNTY_OHIO,0.0
COUNTY_OLDHAM,-127.34896240607368
COUNTY_ORANGE,0.0
COUNTY_OTTAWA,-0.0
COUNTY_OWEN,-0.0
COUNTY_OWSLEY,-0.0
COUNTY_PAGE,0.0
COUNTY_PATRICK,-0.0
COUNTY_PAULDING,-0.0
COUNTY_PENDLETON,-334.3222378192201
COUNTY_PERRY,305.0512437741952
COUNTY_PHILADELPHIA,16949.073767521186
COUNTY_PICKAWAY,0.0
COUNTY_PIKE,-0.9662462519223436
COUNTY_PITTSYLVANIA,-0.0
COUNTY_PLEASANTS,-0.0
COUNTY_POCAHONTAS,0.0
COUNTY_PORTAGE,1147.173238541828
COUNTY_PORTSMOUTH CITY,0.6367914779519289
COUNTY_POTTER,1630.3812727943957
COUNTY_POWELL,-83.1863804840697
COUNTY_POWHATAN,0.0
COUNTY_PREBLE,-0.0
COUNTY_PRESTON,-0.0
COUNTY_PRINCE EDWARD,0.0
COUNTY_PRINCE GEORGE,0.0
COUNTY_PRINCE WILLIAM,-0.0
COUNTY_PULASKI,-0.0
COUNTY_PUTNAM,0.0
COUNTY_RALEIGH,-0.0
COUNTY_RANDOLPH,-890.605614791136
COUNTY_RAPPAHANNOCK,-0.0
COUNTY_RICHLAND,-0.0
COUNTY_RICHMOND,-19195.21810729426
COUNTY_RITCHIE,-341.7498694285658
COUNTY_ROANE,0.0
COUNTY_ROANOKE,0.0
COUNTY_ROBERTSON,0.0
COUNTY_ROCKBRIDGE,-0.0
COUNTY_ROCKCASTLE,-0.0
COUNTY_ROCKINGHAM,0.0
COUNTY_ROSS,0.0
COUNTY_ROWAN,-0.0
COUNTY_RUSSELL,0.0
COUNTY_SANDUSKY,-119.19966808869304
COUNTY_SCHUYLKILL,-0.0
COUNTY_SCIOTO,-0.0
COUNTY_SCOTT,0.0
COUNTY_SENECA,-0.0
COUNTY_SHELBY,333.10163484581744
COUNTY_SHENANDOAH,-0.0
COUNTY_SIMPSON,0.0
COUNTY_SMYTH,0.0
COUNTY_SNYDER,-0.0
COUNTY_SOMERSET,-0.0
COUNTY_SOUTHAMPTON,0.0
COUNTY_SPENCER,233.52196294803707
COUNTY_SPOTSYLVANIA,0.0
COUNTY_STAFFORD,0.0
COUNTY_STARK,5814.950402284774
COUNTY_SUFFOLK CITY,-4036.761940429345
COUNTY_SULLIVAN,-0.0
COUNTY_SUMMERS,586.9360144614627
COUNTY_SUMMIT,-0.0
COUNTY_SURRY,0.0
COUNTY_SUSQUEHANNA,-0.0
COUNTY_SUSSEX,-0.0
COUNTY_TAYLOR,0.0
COUNTY_TAZEWELL,0.0
COUNTY_TIOGA,0.0
COUNTY_TODD,-0.0
COUNTY_TRIMBLE,-894.3206290726051
COUNTY_TRUMBULL,-0.0
COUNTY_TUSCARAWAS,-0.0
COUNTY_TYLER,241.03604214470406
COUNTY_UNION,-37.291314006254844
COUNTY_UPSHUR,0.0
COUNTY_VAN WERT,-0.0
COUNTY_VENANGO,-0.0
COUNTY_VINTON,0.0
COUNTY_VIRGINIA BEACH CITY,-16265.131620066926
COUNTY_WARREN,-0.0
COUNTY_WASHINGTON,662.7622494174514
COUNTY_WAYNE,634.3724326968178
COUNTY_WEBSTER,-0.0
COUNTY_WESTMORELAND,4.168891904927399
COUNTY_WETZEL,-0.0
COUNTY_WHITLEY,-0.0
COUNTY_WILLIAMS,0.0
COUNTY_WINCHESTER CITY,-0.0
COUNTY_WISE,0.0
COUNTY_WOLFE,0.0
COUNTY_WOOD,-0.0
COUNTY_WOODFORD,-0.0
COUNTY_WYANDOT,-0.0
COUNTY_WYOMING,48.06808656935752
COUNTY_WYTHE,2659.889552946987
COUNTY_YORK,0.0
State_KY,-25.782996475894695
State_OH,0.0
State_PA,-212.95694482871622
State_VA,726.4137947051203
State_WV,-661.8302477326296
GEO.id_0500000US21001,-0.0
GEO.id_0500000US21003,-0.0
GEO.id_0500000US21005,0.0
GEO.id_0500000US21007,0.0
GEO.id_0500000US21009,0.0
GEO.id_0500000US21011,0.0
GEO.id_0500000US21013,0.0
GEO.id_0500000US21015,-0.0
GEO.id_0500000US21017,-0.0
GEO.id_0500000US21019,0.0
GEO.id_0500000US21021,0.0
GEO.id_0500000US21023,0.0
GEO.id_0500000US21025,-0.0
GEO.id_0500000US21027,0.0
GEO.id_0500000US21029,320.4584331595567
GEO.id_0500000US21031,-0.0
GEO.id_0500000US21033,0.0
GEO.id_0500000US21035,0.0
GEO.id_0500000US21037,-0.0
GEO.id_0500000US21041,55.60443386048437
GEO.id_0500000US21043,-0.0
GEO.id_0500000US21045,-0.0
GEO.id_0500000US21047,0.0
GEO.id_0500000US21049,0.0
GEO.id_0500000US21051,0.0
GEO.id_0500000US21053,-0.0
GEO.id_0500000US21055,0.0
GEO.id_0500000US21057,0.0
GEO.id_0500000US21059,-0.0
GEO.id_0500000US21061,-0.0
GEO.id_0500000US21063,0.0
GEO.id_0500000US21065,0.0
GEO.id_0500000US21067,0.0
GEO.id_0500000US21069,-0.0
GEO.id_0500000US21071,-0.0
GEO.id_0500000US21073,863.433527425975
GEO.id_0500000US21075,-0.0
GEO.id_0500000US21077,-0.0
GEO.id_0500000US21079,-0.0
GEO.id_0500000US21081,0.0
GEO.id_0500000US21083,0.0
GEO.id_0500000US21085,0.0
GEO.id_0500000US21087,-0.0
GEO.id_0500000US21089,-0.0
GEO.id_0500000US21093,0.0
GEO.id_0500000US21095,0.0
GEO.id_0500000US21097,-0.0
GEO.id_0500000US21099,0.0
GEO.id_0500000US21101,-0.0
GEO.id_0500000US21103,-0.0
GEO.id_0500000US21105,0.0
GEO.id_0500000US21107,0.0
GEO.id_0500000US21109,-0.0
GEO.id_0500000US21111,0.0
GEO.id_0500000US21113,0.0
GEO.id_0500000US21115,-0.0
GEO.id_0500000US21117,-0.0
GEO.id_0500000US21119,-0.0
GEO.id_0500000US21121,0.0
GEO.id_0500000US21123,-0.0
GEO.id_0500000US21125,172.23789602198957
GEO.id_0500000US21127,0.0
GEO.id_0500000US21129,0.0
GEO.id_0500000US21131,-0.0
GEO.id_0500000US21133,0.0
GEO.id_0500000US21135,0.0
GEO.id_0500000US21137,0.0
GEO.id_0500000US21139,0.0
GEO.id_0500000US21141,0.0
GEO.id_0500000US21143,0.0
GEO.id_0500000US21145,-0.0
GEO.id_0500000US21147,-0.0
GEO.id_0500000US21149,-0.0
GEO.id_0500000US21151,-0.0
GEO.id_0500000US21153,0.0
GEO.id_0500000US21155,-0.0
GEO.id_0500000US21157,0.0
GEO.id_0500000US21159,-0.0
GEO.id_0500000US21161,-0.0
GEO.id_0500000US21163,-0.0
GEO.id_0500000US21165,-0.0
GEO.id_0500000US21167,0.0
GEO.id_0500000US21169,0.0
GEO.id_0500000US21171,0.0
GEO.id_0500000US21173,-0.0
GEO.id_0500000US21175,-20.185258161039126
GEO.id_0500000US21177,0.0
GEO.id_0500000US21179,-0.0
GEO.id_0500000US21181,0.0
GEO.id_0500000US21183,0.0
GEO.id_0500000US21185,-0.0
GEO.id_0500000US21187,-0.0
GEO.id_0500000US21189,-0.0
GEO.id_0500000US21191,-544.3973355751975
GEO.id_0500000US21193,3380.653574680405
GEO.id_0500000US21195,-0.0
GEO.id_0500000US21197,-0.0
GEO.id_0500000US21199,-1719.958789159574
GEO.id_0500000US21201,0.0
GEO.id_0500000US21203,-0.0
GEO.id_0500000US21205,-0.0
GEO.id_0500000US21207,0.0
GEO.id_0500000US21209,-0.0
GEO.id_0500000US21211,0.0
GEO.id_0500000US21213,0.0
GEO.id_0500000US21215,201.50366206163622
GEO.id_0500000US21217,0.0
GEO.id_0500000US21219,-0.0
GEO.id_0500000US21223,-0.0
GEO.id_0500000US21225,-0.0
GEO.id_0500000US21227,-0.0
GEO.id_0500000US21229,0.0
GEO.id_0500000US21231,-0.0
GEO.id_0500000US21233,-0.0
GEO.id_0500000US21235,-0.0
GEO.id_0500000US21237,0.0
GEO.id_0500000US21239,-0.0
GEO.id_0500000US39001,0.0
GEO.id_0500000US39003,0.0
GEO.id_0500000US39005,-0.0
GEO.id_0500000US39007,-0.0
GEO.id_0500000US39009,0.0
GEO.id_0500000US39011,-0.0
GEO.id_0500000US39013,0.0
GEO.id_0500000US39015,-0.0
GEO.id_0500000US39017,0.0
GEO.id_0500000US39019,-492.7322595587548
GEO.id_0500000US39021,-0.0
GEO.id_0500000US39023,-0.0
GEO.id_0500000US39025,0.0
GEO.id_0500000US39027,0.0
GEO.id_0500000US39029,-0.0
GEO.id_0500000US39031,-0.0
GEO.id_0500000US39033,0.0
GEO.id_0500000US39035,-0.0
GEO.id_0500000US39037,-0.0
GEO.id_0500000US39039,122.36844375594603
GEO.id_0500000US39041,1766.0326561971874
GEO.id_0500000US39043,0.0
GEO.id_0500000US39045,490.1461091558822
GEO.id_0500000US39047,-0.0
GEO.id_0500000US39049,-12234.64583402332
GEO.id_0500000US39051,-0.0
GEO.id_0500000US39053,-0.0
GEO.id_0500000US39055,-0.0
GEO.id_0500000US39057,0.0
GEO.id_0500000US39059,-0.0
GEO.id_0500000US39061,489.3306815967622
GEO.id_0500000US39063,-0.0
GEO.id_0500000US39065,-0.0
GEO.id_0500000US39067,-0.0
GEO.id_0500000US39069,-0.0
GEO.id_0500000US39071,-0.0
GEO.id_0500000US39073,-0.0
GEO.id_0500000US39075,-0.0
GEO.id_0500000US39077,-0.0
GEO.id_0500000US39079,0.0
GEO.id_0500000US39081,0.0
GEO.id_0500000US39083,-0.0
GEO.id_0500000US39085,536.3881004962875
GEO.id_0500000US39087,-0.0
GEO.id_0500000US39089,525.0518722379095
GEO.id_0500000US39091,-0.0
GEO.id_0500000US39093,-1.8268030203333447
GEO.id_0500000US39095,0.0
GEO.id_0500000US39097,0.0
GEO.id_0500000US39099,30.335792920176125
GEO.id_0500000US39101,-0.0
GEO.id_0500000US39103,531.069423352339
GEO.id_0500000US39105,141.95381200253237
GEO.id_0500000US39107,-0.0
GEO.id_0500000US39109,-0.0
GEO.id_0500000US39111,0.0
GEO.id_0500000US39113,34255.87902551213
GEO.id_0500000US39115,0.0
GEO.id_0500000US39117,-0.0
GEO.id_0500000US39119,-0.0
GEO.id_0500000US39121,-0.0
GEO.id_0500000US39123,-0.0
GEO.id_0500000US39125,-0.0
GEO.id_0500000US39127,-0.0
GEO.id_0500000US39129,101.02856848429124
GEO.id_0500000US39131,-0.0
GEO.id_0500000US39133,543.284087113756
GEO.id_0500000US39135,-0.0
GEO.id_0500000US39137,0.0
GEO.id_0500000US39139,-0.0
GEO.id_0500000US39141,0.0
GEO.id_0500000US39143,-0.0
GEO.id_0500000US39145,-0.0
GEO.id_0500000US39147,-0.0
GEO.id_0500000US39149,0.0
GEO.id_0500000US39151,555.348428081152
GEO.id_0500000US39153,-0.0
GEO.id_0500000US39155,-0.0
GEO.id_0500000US39157,-0.0
GEO.id_0500000US39159,-0.0
GEO.id_0500000US39161,-0.0
GEO.id_0500000US39163,0.0
GEO.id_0500000US39165,0.0
GEO.id_0500000US39167,0.0
GEO.id_0500000US39169,0.0
GEO.id_0500000US39171,0.0
GEO.id_0500000US39173,0.0
GEO.id_0500000US39175,-0.0
GEO.id_0500000US42001,-0.0
GEO.id_0500000US42003,-0.0
GEO.id_0500000US42005,0.0
GEO.id_0500000US42007,-538.225021848941
GEO.id_0500000US42009,-24.215686004207686
GEO.id_0500000US42011,-551.065578040887
GEO.id_0500000US42013,0.0
GEO.id_0500000US42015,-0.0
GEO.id_0500000US42017,377.31973610088664
GEO.id_0500000US42019,-1429.678663746687
GEO.id_0500000US42021,-0.0
GEO.id_0500000US42025,-575.751548261698
GEO.id_0500000US42027,-0.0
GEO.id_0500000US42029,0.0
GEO.id_0500000US42031,0.0
GEO.id_0500000US42033,0.0
GEO.id_0500000US42035,-0.0
GEO.id_0500000US42037,0.0
GEO.id_0500000US42039,0.0
GEO.id_0500000US42041,-7032.947141164368
GEO.id_0500000US42043,399.7540041131105
GEO.id_0500000US42045,0.0
GEO.id_0500000US42047,20.61282216746732
GEO.id_0500000US42049,-2797.384211077083
GEO.id_0500000US42051,0.0
GEO.id_0500000US42053,-0.0
GEO.id_0500000US42055,-0.0
GEO.id_0500000US42057,0.0
GEO.id_0500000US42059,0.0
GEO.id_0500000US42061,316.49620082383416
GEO.id_0500000US42063,18.373567928338176
GEO.id_0500000US42065,0.0
GEO.id_0500000US42067,21.99546278478663
GEO.id_0500000US42069,-0.0
GEO.id_0500000US42071,-0.0
GEO.id_0500000US42073,-0.0
GEO.id_0500000US42075,-0.0
GEO.id_0500000US42077,21.27692773248309
GEO.id_0500000US42079,-0.0
GEO.id_0500000US42081,0.0
GEO.id_0500000US42083,0.0
GEO.id_0500000US42085,-0.0
GEO.id_0500000US42087,0.0
GEO.id_0500000US42089,0.0
GEO.id_0500000US42091,-34638.58744757491
GEO.id_0500000US42093,0.0
GEO.id_0500000US42095,-75.55977853381926
GEO.id_0500000US42097,-0.0
GEO.id_0500000US42099,0.0
GEO.id_0500000US42101,179.0951242207877
GEO.id_0500000US42103,0.0
GEO.id_0500000US42105,173.00076404092277
GEO.id_0500000US42107,-0.0
GEO.id_0500000US42109,-0.0
GEO.id_0500000US42111,-0.0
GEO.id_0500000US42113,-0.0
GEO.id_0500000US42115,-0.0
GEO.id_0500000US42117,0.0
GEO.id_0500000US42119,-0.0
GEO.id_0500000US42121,-0.0
GEO.id_0500000US42123,-0.0
GEO.id_0500000US42125,0.0
GEO.id_0500000US42127,0.0
GEO.id_0500000US42129,2720.6587607610622
GEO.id_0500000US42131,0.0
GEO.id_0500000US42133,0.0
GEO.id_0500000US51001,0.0
GEO.id_0500000US51003,-0.0
GEO.id_0500000US51005,0.0
GEO.id_0500000US51007,-0.0
GEO.id_0500000US51009,0.0
GEO.id_0500000US51011,-0.0
GEO.id_0500000US51013,0.0
GEO.id_0500000US51015,-0.0
GEO.id_0500000US51017,0.0
GEO.id_0500000US51019,0.0
GEO.id_0500000US51021,0.0
GEO.id_0500000US51023,-0.0
GEO.id_0500000US51025,0.0
GEO.id_0500000US51027,0.0
GEO.id_0500000US51029,-0.0
GEO.id_0500000US51031,-0.0
GEO.id_0500000US51033,0.0
GEO.id_0500000US51035,-0.0
GEO.id_0500000US51037,-0.0
GEO.id_0500000US51041,0.0
GEO.id_0500000US51043,0.0
GEO.id_0500000US51045,0.0
GEO.id_0500000US51047,0.0
GEO.id_0500000US51049,-0.0
GEO.id_0500000US51051,-0.0
GEO.id_0500000US51053,-0.0
GEO.id_0500000US51057,-0.0
GEO.id_0500000US51059,0.0
GEO.id_0500000US51061,-0.0
GEO.id_0500000US51063,0.0
GEO.id_0500000US51065,0.0
GEO.id_0500000US51067,-0.0
GEO.id_0500000US51069,0.0
GEO.id_0500000US51071,0.0
GEO.id_0500000US51073,-0.0
GEO.id_0500000US51075,-0.0
GEO.id_0500000US51077,-0.0
GEO.id_0500000US51079,-0.0
GEO.id_0500000US51081,-0.0
GEO.id_0500000US51083,0.0
GEO.id_0500000US51085,0.0
GEO.id_0500000US51087,-694.9633242095052
GEO.id_0500000US51089,-0.0
GEO.id_0500000US51093,0.0
GEO.id_0500000US51095,0.0
GEO.id_0500000US51099,0.0
GEO.id_0500000US51101,0.0
GEO.id_0500000US51103,-0.0
GEO.id_0500000US51105,-0.0
GEO.id_0500000US51107,0.0
GEO.id_0500000US51109,-0.0
GEO.id_0500000US51111,-0.0
GEO.id_0500000US51113,-0.0
GEO.id_0500000US51115,-0.0
GEO.id_0500000US51117,0.0
GEO.id_0500000US51119,0.0
GEO.id_0500000US51121,1348.3445995059133
GEO.id_0500000US51125,-0.0
GEO.id_0500000US51127,-0.0
GEO.id_0500000US51131,0.0
GEO.id_0500000US51133,-0.0
GEO.id_0500000US51135,-0.0
GEO.id_0500000US51137,0.0
GEO.id_0500000US51139,0.0
GEO.id_0500000US51141,-0.0
GEO.id_0500000US51143,-0.0
GEO.id_0500000US51145,0.0
GEO.id_0500000US51147,0.0
GEO.id_0500000US51149,0.0
GEO.id_0500000US51153,-0.0
GEO.id_0500000US51155,211.76238148729107
GEO.id_0500000US51157,-0.0
GEO.id_0500000US51163,-0.0
GEO.id_0500000US51165,0.0
GEO.id_0500000US51167,-0.0
GEO.id_0500000US51169,0.0
GEO.id_0500000US51171,-0.0
GEO.id_0500000US51173,0.0
GEO.id_0500000US51175,0.0
GEO.id_0500000US51177,0.0
GEO.id_0500000US51179,0.0
GEO.id_0500000US51181,0.0
GEO.id_0500000US51183,-0.0
GEO.id_0500000US51185,0.0
GEO.id_0500000US51187,0.0
GEO.id_0500000US51191,0.0
GEO.id_0500000US51193,-0.0
GEO.id_0500000US51195,0.0
GEO.id_0500000US51197,0.0
GEO.id_0500000US51199,0.0
GEO.id_0500000US51510,-0.0
GEO.id_0500000US51550,-638.6586191580038
GEO.id_0500000US51650,0.0
GEO.id_0500000US51660,-0.0
GEO.id_0500000US51670,0.0
GEO.id_0500000US51683,0.0
GEO.id_0500000US51690,0.0
GEO.id_0500000US51700,-719.7252600853494
GEO.id_0500000US51710,-719.690116023722
GEO.id_0500000US51740,0.0
GEO.id_0500000US51760,-717.2846033068699
GEO.id_0500000US51770,0.0
GEO.id_0500000US51800,-724.1725111981772
GEO.id_0500000US51810,-687.273023816643
GEO.id_0500000US51840,-0.0
GEO.id_0500000US54001,-0.0
GEO.id_0500000US54003,0.0
GEO.id_0500000US54005,0.0
GEO.id_0500000US54007,0.0
GEO.id_0500000US54009,-73.00912646516191
GEO.id_0500000US54011,-0.0
GEO.id_0500000US54015,0.0
GEO.id_0500000US54017,-0.0
GEO.id_0500000US54019,-0.0
GEO.id_0500000US54021,-0.0
GEO.id_0500000US54023,0.0
GEO.id_0500000US54025,-0.0
GEO.id_0500000US54027,0.0
GEO.id_0500000US54029,0.0
GEO.id_0500000US54031,0.0
GEO.id_0500000US54033,-0.0
GEO.id_0500000US54035,0.0
GEO.id_0500000US54037,-0.0
GEO.id_0500000US54039,0.0
GEO.id_0500000US54041,0.0
GEO.id_0500000US54045,-0.0
GEO.id_0500000US54047,0.0
GEO.id_0500000US54049,-0.0
GEO.id_0500000US54051,0.0
GEO.id_0500000US54053,0.0
GEO.id_0500000US54055,0.0
GEO.id_0500000US54057,0.0
GEO.id_0500000US54059,-0.0
GEO.id_0500000US54061,-218.30024627952332
GEO.id_0500000US54063,-0.0
GEO.id_0500000US54065,-0.0
GEO.id_0500000US54067,-229.15187907745693
GEO.id_0500000US54069,-0.0
GEO.id_0500000US54071,-0.0
GEO.id_0500000US54073,-0.0
GEO.id_0500000US54075,0.0
GEO.id_0500000US54077,-0.0
GEO.id_0500000US54079,-0.0
GEO.id_0500000US54081,-0.0
GEO.id_0500000US54083,-206.830369955757
GEO.id_0500000US54085,-11.098021973920124
GEO.id_0500000US54087,0.0
GEO.id_0500000US54089,41.55670093621098
GEO.id_0500000US54091,-0.0
GEO.id_0500000US54095,449.5769830276046
GEO.id_0500000US54097,0.0
GEO.id_0500000US54099,0.0
GEO.id_0500000US54101,0.0
GEO.id_0500000US54103,-0.0
GEO.id_0500000US54107,-244.76578553525005
GEO.id_0500000US54109,0.0
"GEO.display-label_Accomack County, Virginia",0.0
"GEO.display-label_Adair County, Kentucky",-0.0
"GEO.display-label_Adams County, Ohio",0.0
"GEO.display-label_Adams County, Pennsylvania",-0.0
"GEO.display-label_Albemarle County, Virginia",-0.0
"GEO.display-label_Alexandria city, Virginia",-0.0
"GEO.display-label_Alleghany County, Virginia",0.0
"GEO.display-label_Allegheny County, Pennsylvania",-0.0
"GEO.display-label_Allen County, Kentucky",-0.0
"GEO.display-label_Allen County, Ohio",0.0
"GEO.display-label_Amelia County, Virginia",-0.0
"GEO.display-label_Amherst County, Virginia",0.0
"GEO.display-label_Anderson County, Kentucky",0.0
"GEO.display-label_Appomattox County, Virginia",-0.0
"GEO.display-label_Arlington County, Virginia",0.0
"GEO.display-label_Armstrong County, Pennsylvania",0.0
"GEO.display-label_Ashland County, Ohio",-0.0
"GEO.display-label_Ashtabula County, Ohio",-0.0
"GEO.display-label_Athens County, Ohio",0.0
"GEO.display-label_Auglaize County, Ohio",-0.0
"GEO.display-label_Augusta County, Virginia",-0.0
"GEO.display-label_Ballard County, Kentucky",0.0
"GEO.display-label_Barbour County, West Virginia",-0.0
"GEO.display-label_Barren County, Kentucky",0.0
"GEO.display-label_Bath County, Kentucky",0.0
"GEO.display-label_Bath County, Virginia",0.0
"GEO.display-label_Beaver County, Pennsylvania",-67.85430964389464
"GEO.display-label_Bedford County, Pennsylvania",-0.0
"GEO.display-label_Bedford County, Virginia",0.0
"GEO.display-label_Bell County, Kentucky",0.0
"GEO.display-label_Belmont County, Ohio",0.0
"GEO.display-label_Berkeley County, West Virginia",0.0
"GEO.display-label_Berks County, Pennsylvania",-66.68068972122046
"GEO.display-label_Blair County, Pennsylvania",0.0
"GEO.display-label_Bland County, Virginia",0.0
"GEO.display-label_Boone County, Kentucky",-0.0
"GEO.display-label_Boone County, West Virginia",0.0
"GEO.display-label_Botetourt County, Virginia",-0.0
"GEO.display-label_Bourbon County, Kentucky",-0.0
"GEO.display-label_Boyd County, Kentucky",0.0
"GEO.display-label_Boyle County, Kentucky",0.0
"GEO.display-label_Bracken County, Kentucky",0.0
"GEO.display-label_Bradford County, Pennsylvania",-0.0
"GEO.display-label_Braxton County, West Virginia",0.0
"GEO.display-label_Breathitt County, Kentucky",-0.0
"GEO.display-label_Breckinridge County, Kentucky",0.0
"GEO.display-label_Brooke County, West Virginia",-10.77652363048217
"GEO.display-label_Brown County, Ohio",-0.0
"GEO.display-label_Brunswick County, Virginia",0.0
"GEO.display-label_Buchanan County, Virginia",0.0
"GEO.display-label_Buckingham County, Virginia",-0.0
"GEO.display-label_Bucks County, Pennsylvania",10.88832400097554
"GEO.display-label_Bullitt County, Kentucky",30.97473574274857
"GEO.display-label_Butler County, Kentucky",-0.0
"GEO.display-label_Butler County, Ohio",0.0
"GEO.display-label_Butler County, Pennsylvania",-0.0
"GEO.display-label_Cabell County, West Virginia",-0.0
"GEO.display-label_Caldwell County, Kentucky",0.0
"GEO.display-label_Calloway County, Kentucky",0.0
"GEO.display-label_Cambria County, Pennsylvania",-0.0
"GEO.display-label_Campbell County, Kentucky",-0.0
"GEO.display-label_Campbell County, Virginia",-0.0
"GEO.display-label_Carbon County, Pennsylvania",-58.78549083929316
"GEO.display-label_Caroline County, Virginia",0.0
"GEO.display-label_Carroll County, Kentucky",31.01494564072918
"GEO.display-label_Carroll County, Ohio",-42.48023303099101
"GEO.display-label_Carroll County, Virginia",-0.0
"GEO.display-label_Carter County, Kentucky",-0.0
"GEO.display-label_Casey County, Kentucky",-0.0
"GEO.display-label_Centre County, Pennsylvania",-0.0
"GEO.display-label_Champaign County, Ohio",-0.0
"GEO.display-label_Charlotte County, Virginia",-0.0
"GEO.display-label_Chesapeake city, Virginia",-17.440673854824432
"GEO.display-label_Chester County, Pennsylvania",0.0
"GEO.display-label_Chesterfield County, Virginia",0.0
"GEO.display-label_Christian County, Kentucky",0.0
"GEO.display-label_Clarion County, Pennsylvania",0.0
"GEO.display-label_Clark County, Kentucky",0.0
"GEO.display-label_Clark County, Ohio",-0.0
"GEO.display-label_Clarke County, Virginia",0.0
"GEO.display-label_Clay County, Kentucky",0.0
"GEO.display-label_Clay County, West Virginia",0.0
"GEO.display-label_Clearfield County, Pennsylvania",0.0
"GEO.display-label_Clermont County, Ohio",0.0
"GEO.display-label_Clinton County, Kentucky",-0.0
"GEO.display-label_Clinton County, Ohio",0.0
"GEO.display-label_Clinton County, Pennsylvania",-0.0
"GEO.display-label_Columbia County, Pennsylvania",0.0
"GEO.display-label_Columbiana County, Ohio",-0.0
"GEO.display-label_Coshocton County, Ohio",-0.0
"GEO.display-label_Craig County, Virginia",0.0
"GEO.display-label_Crawford County, Ohio",0.0
"GEO.display-label_Crawford County, Pennsylvania",0.0
"GEO.display-label_Crittenden County, Kentucky",0.0
"GEO.display-label_Culpeper County, Virginia",0.0
"GEO.display-label_Cumberland County, Kentucky",0.0
"GEO.display-label_Cumberland County, Pennsylvania",-93.95724086427653
"GEO.display-label_Cumberland County, Virginia",-0.0
"GEO.display-label_Cuyahoga County, Ohio",-0.0
"GEO.display-label_Darke County, Ohio",-0.0
"GEO.display-label_Dauphin County, Pennsylvania",14.237022503804411
"GEO.display-label_Daviess County, Kentucky",-0.0
"GEO.display-label_Defiance County, Ohio",20.317190246703337
"GEO.display-label_Delaware County, Ohio",37.74121232580846
"GEO.display-label_Delaware County, Pennsylvania",0.0
"GEO.display-label_Dickenson County, Virginia",-0.0
"GEO.display-label_Dinwiddie County, Virginia",-0.0
"GEO.display-label_Doddridge County, West Virginia",-0.0
"GEO.display-label_Edmonson County, Kentucky",-0.0
"GEO.display-label_Elk County, Pennsylvania",8.673463398141548
"GEO.display-label_Elliott County, Kentucky",0.0
"GEO.display-label_Erie County, Ohio",0.0
"GEO.display-label_Erie County, Pennsylvania",-99.85583657697521
"GEO.display-label_Essex County, Virginia",-0.0
"GEO.display-label_Estill County, Kentucky",0.0
"GEO.display-label_Fairfax County, Virginia",0.0
"GEO.display-label_Fairfield County, Ohio",37.14338338983168
"GEO.display-label_Fauquier County, Virginia",-0.0
"GEO.display-label_Fayette County, Kentucky",0.0
"GEO.display-label_Fayette County, Ohio",-0.0
"GEO.display-label_Fayette County, Pennsylvania",0.0
"GEO.display-label_Fayette County, West Virginia",-0.0
"GEO.display-label_Fleming County, Kentucky",-0.0
"GEO.display-label_Floyd County, Kentucky",-0.0
"GEO.display-label_Floyd County, Virginia",0.0
"GEO.display-label_Fluvanna County, Virginia",0.0
"GEO.display-label_Forest County, Pennsylvania",-0.0
"GEO.display-label_Franklin County, Kentucky",48.49399728988011
"GEO.display-label_Franklin County, Ohio",-96.89163870008288
"GEO.display-label_Franklin County, Pennsylvania",-0.0
"GEO.display-label_Franklin County, Virginia",-0.0
"GEO.display-label_Frederick County, Virginia",0.0
"GEO.display-label_Fulton County, Kentucky",-0.0
"GEO.display-label_Fulton County, Ohio",-0.0
"GEO.display-label_Fulton County, Pennsylvania",0.0
"GEO.display-label_Gallatin County, Kentucky",-0.0
"GEO.display-label_Gallia County, Ohio",-0.0
"GEO.display-label_Garrard County, Kentucky",-0.0
"GEO.display-label_Geauga County, Ohio",-0.0
"GEO.display-label_Giles County, Virginia",0.0
"GEO.display-label_Gilmer County, West Virginia",-0.0
"GEO.display-label_Gloucester County, Virginia",-0.0
"GEO.display-label_Goochland County, Virginia",-0.0
"GEO.display-label_Grant County, Kentucky",0.0
"GEO.display-label_Grant County, West Virginia",0.0
"GEO.display-label_Graves County, Kentucky",0.0
"GEO.display-label_Grayson County, Kentucky",0.0
"GEO.display-label_Grayson County, Virginia",-0.0
"GEO.display-label_Green County, Kentucky",-0.0
"GEO.display-label_Greenbrier County, West Virginia",-0.0
"GEO.display-label_Greene County, Ohio",0.0
"GEO.display-label_Greene County, Pennsylvania",0.0
"GEO.display-label_Greene County, Virginia",-0.0
"GEO.display-label_Greensville County, Virginia",-0.0
"GEO.display-label_Greenup County, Kentucky",-0.0
"GEO.display-label_Guernsey County, Ohio",-0.0
"GEO.display-label_Halifax County, Virginia",0.0
"GEO.display-label_Hamilton County, Ohio",16.123296353800797
"GEO.display-label_Hampshire County, West Virginia",0.0
"GEO.display-label_Hampton city, Virginia",0.0
"GEO.display-label_Hancock County, Ohio",-0.0
"GEO.display-label_Hancock County, West Virginia",0.0
"GEO.display-label_Hanover County, Virginia",0.0
"GEO.display-label_Hardin County, Kentucky",0.0
"GEO.display-label_Hardin County, Ohio",-0.0
"GEO.display-label_Hardy County, West Virginia",0.0
"GEO.display-label_Harlan County, Kentucky",0.0
"GEO.display-label_Harrison County, Kentucky",-0.0
"GEO.display-label_Harrison County, Ohio",-0.0
"GEO.display-label_Harrison County, West Virginia",-0.0
"GEO.display-label_Harrisonburg city, Virginia",-0.0
"GEO.display-label_Hart County, Kentucky",0.0
"GEO.display-label_Henderson County, Kentucky",-0.0
"GEO.display-label_Henrico County, Virginia",-31.99177245788153
"GEO.display-label_Henry County, Kentucky",-0.0
"GEO.display-label_Henry County, Ohio",-0.0
"GEO.display-label_Henry County, Virginia",-0.0
"GEO.display-label_Hickman County, Kentucky",0.0
"GEO.display-label_Highland County, Ohio",-0.0
"GEO.display-label_Hocking County, Ohio",-0.0
"GEO.display-label_Holmes County, Ohio",-0.0
"GEO.display-label_Hopewell city, Virginia",0.0
"GEO.display-label_Hopkins County, Kentucky",0.0
"GEO.display-label_Huntingdon County, Pennsylvania",17.259775271683925
"GEO.display-label_Huron County, Ohio",-0.0
"GEO.display-label_Indiana County, Pennsylvania",4.219804699820378
"GEO.display-label_Isle of Wight County, Virginia",0.0
"GEO.display-label_Jackson County, Kentucky",-0.0
"GEO.display-label_Jackson County, Ohio",0.0
"GEO.display-label_Jackson County, West Virginia",0.0
"GEO.display-label_James City County, Virginia",0.0
"GEO.display-label_Jefferson County, Kentucky",0.0
"GEO.display-label_Jefferson County, Ohio",0.0
"GEO.display-label_Jefferson County, Pennsylvania",0.0
"GEO.display-label_Jefferson County, West Virginia",-0.0
"GEO.display-label_Jessamine County, Kentucky",0.0
"GEO.display-label_Johnson County, Kentucky",-0.0
"GEO.display-label_Juniata County, Pennsylvania",5.8175728117153325
"GEO.display-label_Kanawha County, West Virginia",0.0
"GEO.display-label_Kenton County, Kentucky",-0.0
"GEO.display-label_King George County, Virginia",0.0
"GEO.display-label_King William County, Virginia",0.0
"GEO.display-label_Knott County, Kentucky",-0.0
"GEO.display-label_Knox County, Kentucky",0.0
"GEO.display-label_Knox County, Ohio",-0.0
"GEO.display-label_Lackawanna County, Pennsylvania",-0.0
"GEO.display-label_Lake County, Ohio",15.622334353560053
"GEO.display-label_Lancaster County, Pennsylvania",-0.0
"GEO.display-label_Lancaster County, Virginia",-0.0
"GEO.display-label_Larue County, Kentucky",-0.0
"GEO.display-label_Laurel County, Kentucky",50.57399444338664
"GEO.display-label_Lawrence County, Kentucky",0.0
"GEO.display-label_Lawrence County, Ohio",-0.0
"GEO.display-label_Lawrence County, Pennsylvania",-0.0
"GEO.display-label_Lebanon County, Pennsylvania",-0.0
"GEO.display-label_Lee County, Kentucky",0.0
"GEO.display-label_Lee County, Virginia",-0.0
"GEO.display-label_Lehigh County, Pennsylvania",3.774794892052421
"GEO.display-label_Leslie County, Kentucky",-0.0
"GEO.display-label_Letcher County, Kentucky",0.0
"GEO.display-label_Lewis County, Kentucky",0.0
"GEO.display-label_Lewis County, West Virginia",0.0
"GEO.display-label_Licking County, Ohio",15.15872565474992
"GEO.display-label_Lincoln County, Kentucky",0.0
"GEO.display-label_Livingston County, Kentucky",0.0
"GEO.display-label_Logan County, Kentucky",0.0
"GEO.display-label_Logan County, Ohio",-0.0
"GEO.display-label_Logan County, West Virginia",-0.0
"GEO.display-label_Lorain County, Ohio",-116.91214859926001
"GEO.display-label_Loudoun County, Virginia",0.0
"GEO.display-label_Louisa County, Virginia",-0.0
"GEO.display-label_Lucas County, Ohio",0.0
"GEO.display-label_Lunenburg County, Virginia",-0.0
"GEO.display-label_Luzerne County, Pennsylvania",-0.0
"GEO.display-label_Lycoming County, Pennsylvania",0.0
"GEO.display-label_Lyon County, Kentucky",0.0
"GEO.display-label_Madison County, Kentucky",-0.0
"GEO.display-label_Madison County, Ohio",0.0
"GEO.display-label_Madison County, Virginia",-0.0
"GEO.display-label_Magoffin County, Kentucky",0.0
"GEO.display-label_Mahoning County, Ohio",1.191705747045022
"GEO.display-label_Manassas city, Virginia",0.0
"GEO.display-label_Marion County, Kentucky",-0.0
"GEO.display-label_Marion County, Ohio",-0.0
"GEO.display-label_Marion County, West Virginia",-0.0
"GEO.display-label_Marshall County, Kentucky",0.0
"GEO.display-label_Marshall County, West Virginia",0.0
"GEO.display-label_Martin County, Kentucky",-0.0
"GEO.display-label_Martinsville city, Virginia",0.0
"GEO.display-label_Mason County, Kentucky",-0.0
"GEO.display-label_Mason County, West Virginia",0.0
"GEO.display-label_Mathews County, Virginia",-0.0
"GEO.display-label_McCracken County, Kentucky",-0.0
"GEO.display-label_McCreary County, Kentucky",-0.0
"GEO.display-label_McDowell County, West Virginia",0.0
"GEO.display-label_McKean County, Pennsylvania",0.0
"GEO.display-label_McLean County, Kentucky",-0.0
"GEO.display-label_Meade County, Kentucky",-0.0
"GEO.display-label_Mecklenburg County, Virginia",0.0
"GEO.display-label_Medina County, Ohio",13.1681461599397
"GEO.display-label_Meigs County, Ohio",13.009581532772518
"GEO.display-label_Menifee County, Kentucky",-0.0
"GEO.display-label_Mercer County, Kentucky",0.0
"GEO.display-label_Mercer County, Ohio",-0.0
"GEO.display-label_Mercer County, Pennsylvania",-0.0
"GEO.display-label_Mercer County, West Virginia",0.0
"GEO.display-label_Metcalfe County, Kentucky",0.0
"GEO.display-label_Miami County, Ohio",-0.0
"GEO.display-label_Middlesex County, Virginia",0.0
"GEO.display-label_Mifflin County, Pennsylvania",0.0
"GEO.display-label_Mineral County, West Virginia",0.0
"GEO.display-label_Mingo County, West Virginia",-0.0
"GEO.display-label_Monongalia County, West Virginia",-0.45627891981422064
"GEO.display-label_Monroe County, Kentucky",0.0
"GEO.display-label_Monroe County, Ohio",0.0
"GEO.display-label_Monroe County, Pennsylvania",0.0
"GEO.display-label_Monroe County, West Virginia",-0.0
"GEO.display-label_Montgomery County, Kentucky",-0.0
"GEO.display-label_Montgomery County, Ohio",14.649868466523275
"GEO.display-label_Montgomery County, Pennsylvania",-62.99582394030019
"GEO.display-label_Montgomery County, Virginia",1.1625150010605192
"GEO.display-label_Montour County, Pennsylvania",0.0
"GEO.display-label_Morgan County, Kentucky",-0.0
"GEO.display-label_Morgan County, Ohio",0.0
"GEO.display-label_Morgan County, West Virginia",-0.0
"GEO.display-label_Morrow County, Ohio",-0.0
"GEO.display-label_Muhlenberg County, Kentucky",0.0
"GEO.display-label_Muskingum County, Ohio",-0.0
"GEO.display-label_Nelson County, Kentucky",-0.0
"GEO.display-label_Nelson County, Virginia",-0.0
"GEO.display-label_New Kent County, Virginia",-0.0
"GEO.display-label_Newport News city, Virginia",-12.74994269242675
"GEO.display-label_Nicholas County, Kentucky",0.0
"GEO.display-label_Nicholas County, West Virginia",-0.0
"GEO.display-label_Noble County, Ohio",-0.0
"GEO.display-label_Norfolk city, Virginia",-11.865704051408573
"GEO.display-label_Northampton County, Pennsylvania",-71.24132495541721
"GEO.display-label_Northampton County, Virginia",0.0
"GEO.display-label_Northumberland County, Pennsylvania",-0.0
"GEO.display-label_Northumberland County, Virginia",-0.0
"GEO.display-label_Nottoway County, Virginia",-0.0
"GEO.display-label_Ohio County, Kentucky",0.0
"GEO.display-label_Ohio County, West Virginia",-0.0
"GEO.display-label_Oldham County, Kentucky",-0.0
"GEO.display-label_Orange County, Virginia",0.0
"GEO.display-label_Ottawa County, Ohio",-0.0
"GEO.display-label_Owen County, Kentucky",-0.0
"GEO.display-label_Owsley County, Kentucky",-0.0
"GEO.display-label_Page County, Virginia",0.0
"GEO.display-label_Patrick County, Virginia",-0.0
"GEO.display-label_Paulding County, Ohio",-0.0
"GEO.display-label_Pendleton County, Kentucky",-0.0
"GEO.display-label_Pendleton County, West Virginia",-0.0
"GEO.display-label_Perry County, Kentucky",57.89429678948548
"GEO.display-label_Perry County, Ohio",-0.0
"GEO.display-label_Perry County, Pennsylvania",0.0
"GEO.display-label_Philadelphia County, Pennsylvania",2.410500529125684
"GEO.display-label_Pickaway County, Ohio",15.075053678240936
"GEO.display-label_Pike County, Kentucky",-0.0
"GEO.display-label_Pike County, Ohio",-0.0
"GEO.display-label_Pike County, Pennsylvania",0.0
"GEO.display-label_Pittsylvania County, Virginia",-0.0
"GEO.display-label_Pleasants County, West Virginia",-0.0
"GEO.display-label_Pocahontas County, West Virginia",0.0
"GEO.display-label_Portage County, Ohio",14.364813496443352
"GEO.display-label_Portsmouth city, Virginia",0.0
"GEO.display-label_Potter County, Pennsylvania",2.4525201689409912
"GEO.display-label_Powell County, Kentucky",-0.0
"GEO.display-label_Powhatan County, Virginia",0.0
"GEO.display-label_Preble County, Ohio",-0.0
"GEO.display-label_Preston County, West Virginia",-0.0
"GEO.display-label_Prince Edward County, Virginia",0.0
"GEO.display-label_Prince George County, Virginia",0.0
"GEO.display-label_Prince William County, Virginia",-0.0
"GEO.display-label_Pulaski County, Kentucky",-57.02344131046814
"GEO.display-label_Pulaski County, Virginia",0.15034961256005658
"GEO.display-label_Putnam County, Ohio",0.0
"GEO.display-label_Putnam County, West Virginia",-0.0
"GEO.display-label_Raleigh County, West Virginia",-0.0
"GEO.display-label_Randolph County, West Virginia",-0.0
"GEO.display-label_Rappahannock County, Virginia",-0.0
"GEO.display-label_Richland County, Ohio",-0.0
"GEO.display-label_Richmond city, Virginia",-10.351895562256644
"GEO.display-label_Ritchie County, West Virginia",-0.0
"GEO.display-label_Roane County, West Virginia",0.0
"GEO.display-label_Roanoke city, Virginia",0.0
"GEO.display-label_Robertson County, Kentucky",0.0
"GEO.display-label_Rockbridge County, Virginia",-0.0
"GEO.display-label_Rockcastle County, Kentucky",-0.0
"GEO.display-label_Rockingham County, Virginia",0.0
"GEO.display-label_Ross County, Ohio",0.0
"GEO.display-label_Rowan County, Kentucky",-0.0
"GEO.display-label_Russell County, Kentucky",0.0
"GEO.display-label_Russell County, Virginia",-0.0
"GEO.display-label_Sandusky County, Ohio",-19.989098708691674
"GEO.display-label_Schuylkill County, Pennsylvania",-0.0
"GEO.display-label_Scioto County, Ohio",-0.0
"GEO.display-label_Scott County, Kentucky",-0.0
"GEO.display-label_Scott County, Virginia",0.0
"GEO.display-label_Seneca County, Ohio",-0.0
"GEO.display-label_Shelby County, Kentucky",0.0
"GEO.display-label_Shelby County, Ohio",0.0
"GEO.display-label_Shenandoah County, Virginia",-0.0
"GEO.display-label_Simpson County, Kentucky",0.0
"GEO.display-label_Smyth County, Virginia",0.0
"GEO.display-label_Snyder County, Pennsylvania",-0.0
"GEO.display-label_Somerset County, Pennsylvania",-0.0
"GEO.display-label_Southampton County, Virginia",0.0
"GEO.display-label_Spencer County, Kentucky",61.309800938688625
"GEO.display-label_Spotsylvania County, Virginia",0.0
"GEO.display-label_Stafford County, Virginia",0.0
"GEO.display-label_Stark County, Ohio",13.648002788556044
"GEO.display-label_Suffolk city, Virginia",-9.2164788843977
"GEO.display-label_Sullivan County, Pennsylvania",-0.0
"GEO.display-label_Summers County, West Virginia",4.039336920977039
"GEO.display-label_Summit County, Ohio",-0.0
"GEO.display-label_Surry County, Virginia",0.0
"GEO.display-label_Susquehanna County, Pennsylvania",-0.0
"GEO.display-label_Sussex County, Virginia",-0.0
"GEO.display-label_Taylor County, Kentucky",0.0
"GEO.display-label_Taylor County, West Virginia",-0.0
"GEO.display-label_Tazewell County, Virginia",0.0
"GEO.display-label_Tioga County, Pennsylvania",0.0
"GEO.display-label_Todd County, Kentucky",-0.0
"GEO.display-label_Trimble County, Kentucky",-0.0
"GEO.display-label_Trumbull County, Ohio",-0.0
"GEO.display-label_Tuscarawas County, Ohio",-0.0
"GEO.display-label_Tyler County, West Virginia",10.940280916275986
"GEO.display-label_Union County, Kentucky",-0.0
"GEO.display-label_Union County, Ohio",-0.0
"GEO.display-label_Union County, Pennsylvania",-0.0
"GEO.display-label_Upshur County, West Virginia",0.0
"GEO.display-label_Van Wert County, Ohio",-0.0
"GEO.display-label_Venango County, Pennsylvania",-0.0
"GEO.display-label_Vinton County, Ohio",0.0
"GEO.display-label_Virginia Beach city, Virginia",-8.419307158758402
"GEO.display-label_Warren County, Kentucky",-0.0
"GEO.display-label_Warren County, Ohio",0.0
"GEO.display-label_Warren County, Pennsylvania",-0.0
"GEO.display-label_Warren County, Virginia",0.0
"GEO.display-label_Washington County, Kentucky",0.0
"GEO.display-label_Washington County, Ohio",0.0
"GEO.display-label_Washington County, Pennsylvania",0.0
"GEO.display-label_Washington County, Virginia",0.0
"GEO.display-label_Wayne County, Kentucky",-0.0
"GEO.display-label_Wayne County, Ohio",0.0
"GEO.display-label_Wayne County, Pennsylvania",0.0
"GEO.display-label_Wayne County, West Virginia",0.0
"GEO.display-label_Webster County, Kentucky",-0.0
"GEO.display-label_Webster County, West Virginia",0.0
"GEO.display-label_Westmoreland County, Pennsylvania",4.647691370660317
"GEO.display-label_Westmoreland County, Virginia",-0.0
"GEO.display-label_Wetzel County, West Virginia",-0.0
"GEO.display-label_Whitley County, Kentucky",-0.0
"GEO.display-label_Williams County, Ohio",0.0
"GEO.display-label_Winchester city, Virginia",-0.0
"GEO.display-label_Wise County, Virginia",0.0
"GEO.display-label_Wolfe County, Kentucky",0.0
"GEO.display-label_Wood County, Ohio",0.0
"GEO.display-label_Wood County, West Virginia",-0.0011505451727055241
"GEO.display-label_Woodford County, Kentucky",-0.0
"GEO.display-label_Wyandot County, Ohio",-0.0
"GEO.display-label_Wyoming County, Pennsylvania",0.0
"GEO.display-label_Wyoming County, West Virginia",0.0
"GEO.display-label_Wythe County, Virginia",0.0
"GEO.display-label_York County, Pennsylvania",0.0
"GEO.display-label_York County, Virginia",0.0
HC03_VC139_-,0.0
HC03_VC139_0,-230.14564087236096
HC03_VC139_10.8,0.0
HC03_VC139_10.9,-0.0
HC03_VC139_100,0.0
HC03_VC139_11.8,0.0
HC03_VC139_12.1,0.0
HC03_VC139_12.2,0.94917751411682
HC03_VC139_12.6,0.0
HC03_VC139_13.8,-0.0
HC03_VC139_14.5,-0.0
HC03_VC139_15.2,-0.0
HC03_VC139_15.4,-0.0
HC03_VC139_15.9,-0.0
HC03_VC139_16.3,-0.0
HC03_VC139_17.5,-0.0
HC03_VC139_17.7,0.0
HC03_VC139_17.8,-0.0
HC03_VC139_18,-0.0
HC03_VC139_18.2,-0.0
HC03_VC139_18.3,0.0
HC03_VC139_18.6,0.0
HC03_VC139_18.7,0.0
HC03_VC139_18.9,-0.0
HC03_VC139_19,-0.0
HC03_VC139_19.3,0.0
HC03_VC139_19.5,-0.0
HC03_VC139_19.7,2.71699217783815
HC03_VC139_2.9,-0.0
HC03_VC139_20.4,0.0
HC03_VC139_20.6,-0.0
HC03_VC139_21,-0.0
HC03_VC139_21.6,0.0
HC03_VC139_22.1,-0.0
HC03_VC139_22.3,-8.136717088221262
HC03_VC139_22.7,0.0
HC03_VC139_22.8,0.0
HC03_VC139_23.6,-0.0
HC03_VC139_23.7,0.0
HC03_VC139_23.9,-0.0
HC03_VC139_24,-0.0
HC03_VC139_24.1,0.0
HC03_VC139_24.3,-0.0
HC03_VC139_24.4,-2895.6420818985416
HC03_VC139_24.8,0.0
HC03_VC139_25,-20.003445604081765
HC03_VC139_25.3,0.0
HC03_VC139_25.5,0.0
HC03_VC139_25.7,0.0
HC03_VC139_26.9,-346.08483358949366
HC03_VC139_27,-0.0
HC03_VC139_27.2,0.0
HC03_VC139_28,-0.0
HC03_VC139_28.1,-0.0
HC03_VC139_28.2,0.0
HC03_VC139_28.7,-0.0
HC03_VC139_28.9,0.0
HC03_VC139_29,0.0
HC03_VC139_29.1,0.0
HC03_VC139_29.3,-0.0
HC03_VC139_29.4,0.0
HC03_VC139_29.8,0.0
HC03_VC139_30.5,-0.0
HC03_VC139_30.6,-0.0
HC03_VC139_30.8,0.0
HC03_VC139_30.9,-0.0
HC03_VC139_31,-0.0
HC03_VC139_31.6,-0.0
HC03_VC139_31.7,0.0
HC03_VC139_32.1,0.0
HC03_VC139_32.2,0.0
HC03_VC139_32.3,-0.0
HC03_VC139_32.4,-1421.6364107896532
HC03_VC139_32.5,0.0
HC03_VC139_32.9,-0.0
HC03_VC139_33.3,-1483.9217096574364
HC03_VC139_33.5,-14.459373550918011
HC03_VC139_33.6,-0.0
HC03_VC139_33.8,-0.0
HC03_VC139_33.9,0.0
HC03_VC139_34.4,-0.0
HC03_VC139_34.7,0.0
HC03_VC139_34.8,-0.0
HC03_VC139_35.1,-0.0
HC03_VC139_35.5,0.0
HC03_VC139_35.6,-850.6521103046598
HC03_VC139_36,-1260.0438432174353
HC03_VC139_36.2,0.0
HC03_VC139_36.3,0.0
HC03_VC139_36.6,-654.8472673518833
HC03_VC139_36.7,-0.0
HC03_VC139_36.8,1.4357557370473228
HC03_VC139_37,-0.0
HC03_VC139_37.4,-655.092652772265
HC03_VC139_37.5,0.8588771015201195
HC03_VC139_37.9,-0.0
HC03_VC139_38.1,0.0
HC03_VC139_38.3,820.0678820158026
HC03_VC139_38.4,-0.0
HC03_VC139_38.6,-0.0
HC03_VC139_38.8,-2476.1397377654457
HC03_VC139_38.9,-1.311722790312781
HC03_VC139_39.2,0.0
HC03_VC139_39.4,-0.0
HC03_VC139_39.5,-194.31557739436582
HC03_VC139_39.6,0.0
HC03_VC139_39.8,-0.0
HC03_VC139_4.6,0.0
HC03_VC139_40,0.0
HC03_VC139_40.2,-0.0
HC03_VC139_40.3,-0.0
HC03_VC139_40.4,0.0
HC03_VC139_40.5,-0.0
HC03_VC139_40.6,210.47182388766157
HC03_VC139_40.8,0.0
HC03_VC139_40.9,0.0
HC03_VC139_41,-0.0
HC03_VC139_41.1,0.0
HC03_VC139_41.4,-0.0
HC03_VC139_41.5,-0.0
HC03_VC139_41.6,0.0
HC03_VC139_41.7,-0.0
HC03_VC139_41.9,0.0
HC03_VC139_42.1,-0.0
HC03_VC139_42.4,-0.0
HC03_VC139_42.7,-0.0
HC03_VC139_42.9,3036.695806155473
HC03_VC139_43.4,0.0
HC03_VC139_43.6,0.0
HC03_VC139_43.7,0.0
HC03_VC139_43.8,0.0
HC03_VC139_44.2,0.0
HC03_VC139_44.3,-0.0
HC03_VC139_44.4,-0.0
HC03_VC139_44.5,0.0
HC03_VC139_44.7,-0.0
HC03_VC139_44.8,-0.0
HC03_VC139_44.9,1213.6728883836313
HC03_VC139_45.1,-36.965940699274874
HC03_VC139_45.2,0.0
HC03_VC139_45.4,0.0
HC03_VC139_45.5,-155.37114570452678
HC03_VC139_45.9,-0.0
HC03_VC139_46,-38.314196450314235
HC03_VC139_46.3,-0.0
HC03_VC139_46.4,0.0
HC03_VC139_46.6,-0.0
HC03_VC139_46.7,0.0
HC03_VC139_47.2,0.0
HC03_VC139_47.4,0.0
HC03_VC139_47.5,-0.0
HC03_VC139_47.6,0.0
HC03_VC139_47.9,0.0
HC03_VC139_48.4,65.40690832202704
HC03_VC139_48.5,264.2345989071004
HC03_VC139_48.6,0.0
HC03_VC139_48.7,0.0
HC03_VC139_48.8,0.0
HC03_VC139_48.9,0.0
HC03_VC139_49.1,-0.0
HC03_VC139_49.2,0.0
HC03_VC139_49.4,0.0
HC03_VC139_49.5,0.0
HC03_VC139_49.7,-0.0
HC03_VC139_49.9,-0.0
HC03_VC139_5.6,-0.0
HC03_VC139_50,0.0
HC03_VC139_50.1,-0.0
HC03_VC139_50.2,-0.0
HC03_VC139_50.6,-0.0
HC03_VC139_50.7,-0.0
HC03_VC139_50.8,0.0
HC03_VC139_50.9,0.0
HC03_VC139_51,0.0
HC03_VC139_51.1,0.0
HC03_VC139_51.2,0.0
HC03_VC139_51.7,6.372975495749021
HC03_VC139_52,-0.0
HC03_VC139_52.1,0.0
HC03_VC139_52.2,-0.0
HC03_VC139_52.3,-0.0
HC03_VC139_52.4,0.0
HC03_VC139_52.5,0.0
HC03_VC139_52.6,0.0
HC03_VC139_52.7,0.0
HC03_VC139_52.9,1.9921315842299716
HC03_VC139_53.1,-0.0
HC03_VC139_53.3,-261.94981083992565
HC03_VC139_53.5,2237.641863763924
HC03_VC139_53.6,-0.0
HC03_VC139_53.7,0.0
HC03_VC139_53.8,0.0
HC03_VC139_53.9,0.0
HC03_VC139_54.2,24.926028231927507
HC03_VC139_54.3,-0.0
HC03_VC139_54.4,0.0
HC03_VC139_55,0.0
HC03_VC139_55.5,0.0
HC03_VC139_55.6,0.0
HC03_VC139_55.7,-15.009768757644101
HC03_VC139_55.8,-25.968574985571248
HC03_VC139_55.9,0.0
HC03_VC139_56.2,0.0
HC03_VC139_56.4,0.0
HC03_VC139_56.5,-0.0
HC03_VC139_56.6,-0.0
HC03_VC139_56.7,-0.0
HC03_VC139_56.8,-401.70907640960456
HC03_VC139_57,-0.0
HC03_VC139_57.4,-0.0
HC03_VC139_57.5,-1507.547341113097
HC03_VC139_57.8,0.0
HC03_VC139_57.9,-0.0
HC03_VC139_58,-8.252955614484035
HC03_VC139_58.3,-0.0
HC03_VC139_58.5,0.0
HC03_VC139_58.8,-0.0
HC03_VC139_59.2,0.0
HC03_VC139_59.4,-0.0
HC03_VC139_59.5,0.0
HC03_VC139_59.6,0.0
HC03_VC139_59.8,0.0
HC03_VC139_6,0.0
HC03_VC139_6.9,-0.0
HC03_VC139_60.2,-40.530364756019324
HC03_VC139_60.4,-0.0
HC03_VC139_60.6,0.0
HC03_VC139_60.8,-2.6727610594735856
HC03_VC139_61,2288.6755622303035
HC03_VC139_61.2,-0.0
HC03_VC139_61.3,0.0
HC03_VC139_61.4,2.3515300964202854
HC03_VC139_61.6,-0.0
HC03_VC139_61.7,0.0
HC03_VC139_61.8,0.0
HC03_VC139_62.1,-0.0
HC03_VC139_62.8,-905.0561704546224
HC03_VC139_63,-0.0
HC03_VC139_63.2,-14.993216147322997
HC03_VC139_63.3,-0.0
HC03_VC139_63.6,-0.0
HC03_VC139_63.7,-0.0
HC03_VC139_64.4,-0.0
HC03_VC139_64.7,0.0
HC03_VC139_64.8,-0.0
HC03_VC139_65.4,-0.0
HC03_VC139_65.5,3.938387496480686
HC03_VC139_66.7,92.1114166322781
HC03_VC139_67.2,-10.779009716819772
HC03_VC139_67.4,-0.0
HC03_VC139_67.7,-0.0
HC03_VC139_68,-0.0
HC03_VC139_68.1,0.0
HC03_VC139_68.4,0.0
HC03_VC139_68.8,-0.0
HC03_VC139_69,-0.0
HC03_VC139_69.1,0.0
HC03_VC139_69.3,0.0
HC03_VC139_69.5,0.0
HC03_VC139_69.6,-0.0
HC03_VC139_69.7,-0.0
HC03_VC139_7,4.138381415289998
HC03_VC139_7.6,-0.0
HC03_VC139_7.7,0.0
HC03_VC139_70.1,63.597455179624845
HC03_VC139_70.5,-0.0
HC03_VC139_71.2,0.0
HC03_VC139_72.3,0.0
HC03_VC139_72.5,-0.0
HC03_VC139_72.7,0.0
HC03_VC139_73.3,0.0
HC03_VC139_73.6,0.0
HC03_VC139_73.8,-0.0
HC03_VC139_74.3,-0.0
HC03_VC139_74.7,-0.0
HC03_VC139_75,0.0
HC03_VC139_75.1,0.0
HC03_VC139_75.4,0.0
HC03_VC139_76.8,-0.0
HC03_VC139_76.9,-0.0
HC03_VC139_77,-0.0
HC03_VC139_78.6,-0.0
HC03_VC139_79.1,519.0937294208743
HC03_VC139_79.6,0.0
HC03_VC139_80,-0.0
HC03_VC139_80.4,0.0
HC03_VC139_80.9,-0.0
HC03_VC139_81.5,-0.0
HC03_VC139_81.8,0.285800891169789
HC03_VC139_82,-0.0
HC03_VC139_82.4,-0.0
HC03_VC139_83.6,0.0
HC03_VC139_87.5,0.0
HC03_VC139_87.7,0.2301027184664379
HC03_VC139_88.7,0.0
HC03_VC139_89.6,-0.0
HC03_VC139_9.4,-0.0
HC03_VC139_9.5,-0.0
HC03_VC139_9.6,-0.0
HC03_VC139_90.6,0.0
HC03_VC139_90.7,4.397078241449267
HC03_VC139_90.8,-12.997493371168758
HC03_VC139_92.1,0.0
HC03_VC140_-,0.0
HC03_VC140_0,0.0
HC03_VC140_10.4,-0.0
HC03_VC140_100,-28.84521256679224
HC03_VC140_11.3,0.0
HC03_VC140_12.3,0.03879464989993613
HC03_VC140_12.5,0.0
HC03_VC140_16.4,0.0
HC03_VC140_17.6,-0.0
HC03_VC140_18,-0.0
HC03_VC140_18.2,0.004922540019943234
HC03_VC140_18.5,-0.0
HC03_VC140_19.1,-0.0
HC03_VC140_19.6,0.0
HC03_VC140_20,-0.0
HC03_VC140_20.4,0.0
HC03_VC140_20.9,0.32904006192255364
HC03_VC140_21.4,-0.0
HC03_VC140_23,-0.0
HC03_VC140_23.1,-0.0
HC03_VC140_23.2,-0.0
HC03_VC140_24.6,0.0
HC03_VC140_24.9,0.0
HC03_VC140_25,0.0
HC03_VC140_25.3,-0.0
HC03_VC140_25.7,-0.0
HC03_VC140_26.2,-0.0
HC03_VC140_26.4,0.0
HC03_VC140_26.7,0.0
HC03_VC140_27.3,0.0
HC03_VC140_27.5,-0.0
HC03_VC140_27.7,0.0
HC03_VC140_28.8,0.0
HC03_VC140_29.5,-0.0
HC03_VC140_29.9,0.35629802470942007
HC03_VC140_30.3,-0.0
HC03_VC140_30.4,-0.0
HC03_VC140_30.5,0.0
HC03_VC140_30.7,0.0
HC03_VC140_30.9,0.0
HC03_VC140_31,-0.0
HC03_VC140_31.2,-0.0
HC03_VC140_31.6,0.0
HC03_VC140_31.9,0.0
HC03_VC140_32,-0.0
HC03_VC140_32.3,-0.0
HC03_VC140_32.6,-0.0
HC03_VC140_32.8,-0.874305546039792
HC03_VC140_33.3,7.271037711587254
HC03_VC140_34.5,0.0
HC03_VC140_34.6,-0.0
HC03_VC140_35.2,-0.0
HC03_VC140_35.3,0.0
HC03_VC140_35.6,-0.0
HC03_VC140_36.3,-0.0
HC03_VC140_36.4,-0.0
HC03_VC140_36.7,-0.0
HC03_VC140_36.8,-2.748605849394539
HC03_VC140_37,-0.0
HC03_VC140_37.2,-2.7644388975969614
HC03_VC140_37.9,-0.0
HC03_VC140_38.2,0.0
HC03_VC140_38.3,0.0
HC03_VC140_38.4,-0.0
HC03_VC140_38.6,3.0948933287353984
HC03_VC140_38.7,0.0
HC03_VC140_38.8,-0.0
HC03_VC140_39,12.50011948634871
HC03_VC140_39.2,-1.0817295376158065
HC03_VC140_39.4,0.0
HC03_VC140_39.6,-0.0
HC03_VC140_39.8,-1.083999075020885
HC03_VC140_40.2,0.0
HC03_VC140_40.4,0.0
HC03_VC140_40.5,0.0
HC03_VC140_40.6,-0.0
HC03_VC140_40.8,0.0
HC03_VC140_41.2,-0.0
HC03_VC140_41.5,0.0
HC03_VC140_41.7,-0.0
HC03_VC140_42,-1.110570589329672
HC03_VC140_42.1,-0.0
HC03_VC140_42.2,0.0
HC03_VC140_42.5,-1.1076470617021659
HC03_VC140_42.6,-0.0
HC03_VC140_43,-0.0
HC03_VC140_43.2,-0.0
HC03_VC140_43.3,-0.0
HC03_VC140_43.4,-0.0
HC03_VC140_43.5,-0.0
HC03_VC140_43.6,0.0
HC03_VC140_43.8,0.0
HC03_VC140_44.1,0.0
HC03_VC140_44.2,-0.0
HC03_VC140_44.3,-0.0
HC03_VC140_44.4,5.9487665083525725
HC03_VC140_44.5,0.0
HC03_VC140_45,0.0
HC03_VC140_45.6,0.0
HC03_VC140_45.7,-0.0
HC03_VC140_45.8,13.8025862424275
HC03_VC140_46.1,0.0
HC03_VC140_46.2,0.0
HC03_VC140_46.3,0.0
HC03_VC140_46.4,-0.0
HC03_VC140_46.5,10.605959107000164
HC03_VC140_46.7,-0.0
HC03_VC140_46.9,-0.0
HC03_VC140_47.1,0.637969364607504
HC03_VC140_47.3,0.0
HC03_VC140_47.4,0.0
HC03_VC140_47.5,3.377970955552396
HC03_VC140_47.6,0.0
HC03_VC140_47.7,-0.0
HC03_VC140_47.8,-0.0
HC03_VC140_47.9,0.0
HC03_VC140_48,-0.0
HC03_VC140_48.3,19.226579457013823
HC03_VC140_48.8,0.0
HC03_VC140_48.9,0.0
HC03_VC140_49,0.0
HC03_VC140_49.1,0.0
HC03_VC140_49.2,0.0
HC03_VC140_49.3,-0.0
HC03_VC140_49.4,-0.0
HC03_VC140_49.8,-0.0
HC03_VC140_49.9,-0.0
HC03_VC140_50,0.0
HC03_VC140_50.1,-0.0
HC03_VC140_50.3,-0.0
HC03_VC140_50.5,0.0
HC03_VC140_50.6,0.0
HC03_VC140_50.8,4.944995706741467
HC03_VC140_50.9,-0.0
HC03_VC140_51.1,0.0
HC03_VC140_51.2,0.0
HC03_VC140_51.3,0.0
HC03_VC140_51.4,0.0
HC03_VC140_51.5,17.549406770658518
HC03_VC140_51.6,1.9238838279123878
HC03_VC140_52.1,0.0
HC03_VC140_52.4,0.0
HC03_VC140_52.5,-0.0
HC03_VC140_52.6,0.0
HC03_VC140_52.8,0.0
HC03_VC140_53.3,0.0
HC03_VC140_53.4,-0.0
HC03_VC140_53.6,0.0
HC03_VC140_53.7,-0.0
HC03_VC140_54,-12.559527025778484
HC03_VC140_54.1,-0.0
HC03_VC140_54.5,-0.3084127740863144
HC03_VC140_54.6,0.0
HC03_VC140_54.8,4.87221500313428
HC03_VC140_54.9,-7.754240898058905
HC03_VC140_55.1,10.659186096335011
HC03_VC140_55.2,-0.0
HC03_VC140_55.3,-0.0
HC03_VC140_55.5,0.0
HC03_VC140_55.6,-0.0
HC03_VC140_55.7,-0.0
HC03_VC140_55.8,10.580255632689132
HC03_VC140_56.2,-0.0
HC03_VC140_56.3,0.0
HC03_VC140_56.4,0.0
HC03_VC140_56.6,0.0
HC03_VC140_57.1,18.914739588945995
HC03_VC140_57.3,-0.0
HC03_VC140_57.6,-0.0
HC03_VC140_57.9,-0.0
HC03_VC140_58.1,0.0
HC03_VC140_58.3,-0.0
HC03_VC140_58.4,0.0
HC03_VC140_58.5,-0.0
HC03_VC140_58.6,-0.0
HC03_VC140_58.9,0.0
HC03_VC140_59,-0.0
HC03_VC140_59.1,0.0
HC03_VC140_59.2,0.0
HC03_VC140_59.4,22.772339600987255
HC03_VC140_59.5,-0.0
HC03_VC140_59.6,0.0
HC03_VC140_59.7,-0.0
HC03_VC140_59.8,-0.0
HC03_VC140_60,0.0
HC03_VC140_60.2,-0.0
HC03_VC140_60.4,0.0
HC03_VC140_60.5,-0.7163710147657602
HC03_VC140_60.6,-0.0
HC03_VC140_60.8,0.0
HC03_VC140_61.1,-1.327493827944306
HC03_VC140_61.2,-1.2682763998859903
HC03_VC140_61.4,-0.0
HC03_VC140_61.6,-0.0
HC03_VC140_61.7,29.682712715819047
HC03_VC140_61.9,0.0
HC03_VC140_62.1,-0.0
HC03_VC140_62.5,9.344909175332814
HC03_VC140_62.6,-2.8532254429260235
HC03_VC140_63,-0.0
HC03_VC140_63.2,0.0
HC03_VC140_63.3,-0.0
HC03_VC140_63.4,-3.300813257479969
HC03_VC140_63.7,0.0
HC03_VC140_63.8,0.0
HC03_VC140_64,-2.747809442341777
HC03_VC140_64.4,-1.4391026531163933
HC03_VC140_64.5,0.0
HC03_VC140_64.9,-0.0
HC03_VC140_65.2,-0.0
HC03_VC140_65.3,0.0
HC03_VC140_65.6,-0.0
HC03_VC140_66.1,0.0
HC03_VC140_66.2,-0.0
HC03_VC140_66.4,-0.0
HC03_VC140_66.5,-1.2420822509642946
HC03_VC140_66.7,-1.250173005411265
HC03_VC140_67.1,-0.0
HC03_VC140_67.5,0.0
HC03_VC140_67.6,-1.1137049056598893
HC03_VC140_67.7,-0.0
HC03_VC140_67.8,0.0
HC03_VC140_67.9,0.0
HC03_VC140_68.3,0.0
HC03_VC140_68.4,-0.0
HC03_VC140_69,-0.0
HC03_VC140_69.1,-0.0
HC03_VC140_69.2,3.552523410129151
HC03_VC140_69.4,-0.0
HC03_VC140_69.5,-0.0
HC03_VC140_7.9,0.0
HC03_VC140_70.2,13.509825684833519
HC03_VC140_70.6,0.0
HC03_VC140_70.7,-0.0
HC03_VC140_70.9,0.0
HC03_VC140_71,0.0
HC03_VC140_71.1,12.271514092329383
HC03_VC140_71.3,-0.0
HC03_VC140_71.8,0.0
HC03_VC140_71.9,-0.0
HC03_VC140_72,-0.0
HC03_VC140_72.8,0.0
HC03_VC140_73,-0.0
HC03_VC140_73.1,-10.688760939822584
HC03_VC140_74.3,0.0
HC03_VC140_74.5,0.0
HC03_VC140_74.7,0.0
HC03_VC140_75,-13.631816723050493
HC03_VC140_75.2,0.0
HC03_VC140_75.6,-4.147249103755427
HC03_VC140_75.7,-0.0
HC03_VC140_75.9,0.0
HC03_VC140_76,-0.0
HC03_VC140_76.1,-0.0
HC03_VC140_76.3,0.0
HC03_VC140_76.4,-0.0
HC03_VC140_77.2,0.0
HC03_VC140_77.3,0.0
HC03_VC140_77.7,-25.425012046422815
HC03_VC140_77.9,-0.0
HC03_VC140_78.4,0.0
HC03_VC140_79,-0.0
HC03_VC140_79.4,-0.0
HC03_VC140_79.6,0.0
HC03_VC140_80.3,5.766451080843155
HC03_VC140_80.5,-0.0
HC03_VC140_80.7,0.0
HC03_VC140_81,-0.0
HC03_VC140_81.1,-0.0
HC03_VC140_81.3,0.0
HC03_VC140_81.4,0.0
HC03_VC140_81.7,0.0
HC03_VC140_81.8,-0.0
HC03_VC140_82,-0.0
HC03_VC140_82.2,-0.0
HC03_VC140_82.3,0.0
HC03_VC140_82.5,-0.0
HC03_VC140_83.7,-0.0
HC03_VC140_84.1,-0.0
HC03_VC140_84.6,-0.0
HC03_VC140_84.8,-0.0
HC03_VC140_85.5,-0.0
HC03_VC140_86.2,-0.0
HC03_VC140_87.4,0.0
HC03_VC140_87.8,5.251606110136403
HC03_VC140_87.9,0.0
HC03_VC140_88.2,0.0
HC03_VC140_89.1,-0.0
HC03_VC140_89.2,0.0
HC03_VC140_9.2,-0.36975266277103935
HC03_VC140_9.3,1.927895536142592
HC03_VC140_9.4,0.0
HC03_VC140_90.4,-0.0
HC03_VC140_90.5,-0.0
HC03_VC140_90.6,-0.0
HC03_VC140_92.3,0.0
HC03_VC140_92.4,-0.0
HC03_VC140_93,1.2314517964743654
HC03_VC140_93.1,-0.0
HC03_VC140_94,0.0
HC03_VC140_94.4,-0.0
HC03_VC140_95.4,0.0
HC03_VC140_97.1,-0.0
HC03_VC147_-,0.0
HC03_VC147_0,230.13788510467032
HC03_VC147_0.9,-0.0
HC03_VC147_1,-0.034569419995639915
HC03_VC147_1.3,390.5246532612386
HC03_VC147_1.5,-0.0
HC03_VC147_1.9,-0.0
HC03_VC147_10,0.0
HC03_VC147_10.2,-0.0
HC03_VC147_10.3,655.9508854793578
HC03_VC147_10.4,-0.0
HC03_VC147_10.5,-0.0
HC03_VC147_10.6,-0.0
HC03_VC147_10.7,-0.0
HC03_VC147_10.9,-3902.431875794499
HC03_VC147_100,-0.0
HC03_VC147_11,-0.0
HC03_VC147_11.1,-0.0
HC03_VC147_11.3,-1080.6303767535578
HC03_VC147_11.4,0.0
HC03_VC147_11.5,-0.0
HC03_VC147_11.8,0.0
HC03_VC147_12,-0.0
HC03_VC147_12.1,0.0
HC03_VC147_12.2,0.0
HC03_VC147_12.5,0.0
HC03_VC147_12.6,-0.0
HC03_VC147_12.8,0.0
HC03_VC147_13.2,-0.0
HC03_VC147_13.3,0.0
HC03_VC147_13.4,-0.0
HC03_VC147_13.5,0.0
HC03_VC147_13.6,0.0
HC03_VC147_13.7,-0.0
HC03_VC147_13.9,0.0
HC03_VC147_14.2,695.3783725548006
HC03_VC147_14.3,-717.6534222225971
HC03_VC147_14.4,-0.0
HC03_VC147_14.5,-0.0
HC03_VC147_14.6,-0.0
HC03_VC147_14.8,0.0
HC03_VC147_14.9,0.0
HC03_VC147_15,0.0
HC03_VC147_15.1,16.88149160632099
HC03_VC147_15.4,0.0
HC03_VC147_15.8,-0.0
HC03_VC147_16.1,-0.0
HC03_VC147_16.2,0.0
HC03_VC147_16.3,-0.0
HC03_VC147_16.6,-0.0
HC03_VC147_16.7,751.6003476692591
HC03_VC147_16.8,0.0
HC03_VC147_17,-0.0
HC03_VC147_17.1,-3952.5248876062014
HC03_VC147_17.2,0.0
HC03_VC147_17.3,0.0
HC03_VC147_17.8,-430.9308139136055
HC03_VC147_18.1,59.30944685006374
HC03_VC147_18.2,0.0
HC03_VC147_18.3,-0.0
HC03_VC147_18.6,0.0
HC03_VC147_18.7,0.0
HC03_VC147_18.8,0.0
HC03_VC147_18.9,-0.0
HC03_VC147_19,0.0
HC03_VC147_19.2,0.0
HC03_VC147_19.4,0.0
HC03_VC147_19.5,-0.0
HC03_VC147_19.6,-1940.7166630764787
HC03_VC147_19.8,-0.0
HC03_VC147_19.9,-0.0
HC03_VC147_2.4,-3054.636184100916
HC03_VC147_2.6,-0.0
HC03_VC147_2.8,-0.0
HC03_VC147_20.1,46.90576224957506
HC03_VC147_20.2,-0.0
HC03_VC147_20.4,-565.2030142453846
HC03_VC147_20.5,-3038.1256998428657
HC03_VC147_21,-0.0
HC03_VC147_21.1,0.0
HC03_VC147_21.2,-2606.8929531604967
HC03_VC147_21.5,-0.0
HC03_VC147_21.9,0.0
HC03_VC147_22.1,-0.0
HC03_VC147_22.2,-0.0
HC03_VC147_22.4,38.202543543009234
HC03_VC147_22.5,0.0
HC03_VC147_22.6,16.925482570464908
HC03_VC147_22.7,-0.0
HC03_VC147_22.9,-0.0
HC03_VC147_23.1,0.0
HC03_VC147_23.2,0.0
HC03_VC147_23.3,604.6768561767682
HC03_VC147_23.5,0.0
HC03_VC147_23.7,0.0
HC03_VC147_23.8,-0.0
HC03_VC147_23.9,0.0
HC03_VC147_24,1197.5426291304573
HC03_VC147_24.2,-0.0
HC03_VC147_24.3,0.0
HC03_VC147_24.4,-0.0
HC03_VC147_24.6,0.0
HC03_VC147_24.7,0.0
HC03_VC147_24.9,0.0
HC03_VC147_25.1,69.26855774386993
HC03_VC147_25.3,150.61939762693837
HC03_VC147_25.4,-0.0
HC03_VC147_25.5,-0.0
HC03_VC147_25.8,-230.2443277237439
HC03_VC147_25.9,-0.0
HC03_VC147_26,-0.0
HC03_VC147_26.1,0.0
HC03_VC147_26.2,0.0
HC03_VC147_26.4,0.0
HC03_VC147_26.5,-0.0
HC03_VC147_26.7,-0.0
HC03_VC147_26.8,-1673.5807403853555
HC03_VC147_26.9,0.0
HC03_VC147_27.6,0.0
HC03_VC147_27.9,-0.0
HC03_VC147_28,-0.0
HC03_VC147_28.1,-0.0
HC03_VC147_28.3,-100.76181070253169
HC03_VC147_28.4,-0.0
HC03_VC147_28.6,-0.0
HC03_VC147_28.8,-0.0
HC03_VC147_29.4,0.0
HC03_VC147_29.5,45.21940617843015
HC03_VC147_3.2,-0.0
HC03_VC147_3.3,-0.0
HC03_VC147_3.5,0.0
HC03_VC147_3.6,-0.0
HC03_VC147_3.7,0.0
HC03_VC147_3.9,0.0
HC03_VC147_30.4,-0.0
HC03_VC147_30.6,0.0
HC03_VC147_30.8,-0.0
HC03_VC147_30.9,-0.0
HC03_VC147_31.1,-0.0
HC03_VC147_31.2,41.68376700124077
HC03_VC147_31.5,0.0
HC03_VC147_31.8,-0.0
HC03_VC147_32.3,-0.0
HC03_VC147_32.6,0.0
HC03_VC147_32.8,0.0
HC03_VC147_33.1,0.0
HC03_VC147_34.2,-0.0
HC03_VC147_34.9,46.04413434589477
HC03_VC147_35,-0.0
HC03_VC147_35.1,-0.0
HC03_VC147_35.5,-0.0
HC03_VC147_35.7,-0.0
HC03_VC147_36.5,0.0
HC03_VC147_36.7,-0.0
HC03_VC147_36.8,0.0
HC03_VC147_37.8,0.0
HC03_VC147_39.1,0.0
HC03_VC147_4.3,-0.0
HC03_VC147_4.5,0.0
HC03_VC147_4.8,0.0
HC03_VC147_40,0.0
HC03_VC147_40.2,-0.0
HC03_VC147_40.6,0.0
HC03_VC147_41.1,-0.0
HC03_VC147_41.3,0.0
HC03_VC147_41.5,-0.0
HC03_VC147_42.9,-0.0
HC03_VC147_43.1,-0.0
HC03_VC147_43.2,-0.0
HC03_VC147_43.8,0.0
HC03_VC147_45.2,-0.0
HC03_VC147_45.3,0.0
HC03_VC147_45.4,0.0
HC03_VC147_46.4,-0.0
HC03_VC147_46.5,-0.0
HC03_VC147_46.7,0.0
HC03_VC147_47,-0.0
HC03_VC147_47.8,0.0
HC03_VC147_48.6,-0.0
HC03_VC147_5.1,0.0
HC03_VC147_5.3,28.309021560416838
HC03_VC147_5.4,-0.0
HC03_VC147_5.6,0.0
HC03_VC147_5.8,0.0
HC03_VC147_5.9,-0.0
HC03_VC147_50,-0.0
HC03_VC147_51.5,0.0
HC03_VC147_56.1,-0.0
HC03_VC147_58.8,-0.0
HC03_VC147_59.2,-0.0
HC03_VC147_6,-1874.9174972895896
HC03_VC147_6.2,671.4987263347866
HC03_VC147_6.3,0.0
HC03_VC147_6.6,-0.0
HC03_VC147_61,0.0
HC03_VC147_61.2,-0.0
HC03_VC147_62.5,0.0
HC03_VC147_63,-0.0
HC03_VC147_65,0.0
HC03_VC147_65.3,-0.0
HC03_VC147_65.9,-0.0
HC03_VC147_66.3,-0.0
HC03_VC147_67.5,-0.0
HC03_VC147_7.1,-0.0
HC03_VC147_7.2,-0.0
HC03_VC147_7.4,0.0
HC03_VC147_7.7,0.0
HC03_VC147_7.8,-0.0
HC03_VC147_75.7,29.29100242040527
HC03_VC147_76.5,0.0
HC03_VC147_76.6,-0.0
HC03_VC147_8,1789.7742139832262
HC03_VC147_8.1,0.0
HC03_VC147_8.4,-0.0
HC03_VC147_8.7,2372.474188825579
HC03_VC147_8.8,108.645000855076
HC03_VC147_8.9,0.0
HC03_VC147_80.8,0.0
HC03_VC147_81.1,-0.0
HC03_VC147_9,-0.0
HC03_VC147_9.3,-3364.2704863702593
HC03_VC147_9.5,0.0
HC03_VC147_9.7,0.0
HC03_VC147_9.8,0.0
HC03_VC147_9.9,0.0
HC03_VC148_-,0.0
HC03_VC148_0,-0.0
HC03_VC148_100,20.119043750881726
HC03_VC148_18.9,-6.8407634094339445
HC03_VC148_19.2,0.0
HC03_VC148_23.4,-0.0
HC03_VC148_23.5,0.0
HC03_VC148_24.3,0.0
HC03_VC148_32.5,-0.0
HC03_VC148_33.8,-0.0
HC03_VC148_34.1,-0.0
HC03_VC148_34.7,-0.0
HC03_VC148_35,0.0
HC03_VC148_37,-0.0
HC03_VC148_37.5,0.0
HC03_VC148_38.8,-0.0
HC03_VC148_39,0.0
HC03_VC148_40.8,-0.0
HC03_VC148_41.2,-0.0
HC03_VC148_43.9,-0.0
HC03_VC148_48.5,0.0
HC03_VC148_50,-0.0
HC03_VC148_51.4,-0.0
HC03_VC148_52.2,0.0
HC03_VC148_53,-0.0
HC03_VC148_53.3,0.0
HC03_VC148_53.5,-0.0
HC03_VC148_53.6,-0.0
HC03_VC148_54.6,0.0
HC03_VC148_54.7,0.0
HC03_VC148_54.8,-0.0
HC03_VC148_56.3,0.0
HC03_VC148_56.8,-0.0
HC03_VC148_56.9,-0.0
HC03_VC148_57.1,-0.0
HC03_VC148_58.5,-0.0
HC03_VC148_58.7,0.0
HC03_VC148_58.9,-0.0
HC03_VC148_59.4,0.0
HC03_VC148_59.8,-0.0
HC03_VC148_60,0.0
HC03_VC148_60.9,0.0
HC03_VC148_62.2,0.0
HC03_VC148_63.2,0.0
HC03_VC148_63.3,-0.0
HC03_VC148_63.5,0.0
HC03_VC148_64.3,-0.0
HC03_VC148_64.5,-0.0
HC03_VC148_64.9,-0.0
HC03_VC148_65,-0.0
HC03_VC148_65.1,48.06174054238148
HC03_VC148_65.8,-0.0
HC03_VC148_66.9,0.0
HC03_VC148_67.2,0.0
HC03_VC148_67.4,0.0
HC03_VC148_67.7,-0.0
HC03_VC148_68.2,-0.0
HC03_VC148_68.5,0.0
HC03_VC148_68.8,3.9916655567381474
HC03_VC148_68.9,-0.0
HC03_VC148_69.1,-0.0
HC03_VC148_69.2,-0.0
HC03_VC148_69.4,0.0
HC03_VC148_69.6,-0.0
HC03_VC148_70.5,49.033807650410175
HC03_VC148_70.6,0.0
HC03_VC148_71.2,-0.0
HC03_VC148_71.4,-0.0
HC03_VC148_71.6,-0.0
HC03_VC148_71.7,-1.316592082407328
HC03_VC148_71.9,-0.0
HC03_VC148_72,-0.0
HC03_VC148_72.1,-0.0
HC03_VC148_72.4,0.0
HC03_VC148_73.1,0.0
HC03_VC148_73.2,-1.3066728844227506
HC03_VC148_73.3,-0.0
HC03_VC148_73.5,-0.0
HC03_VC148_73.6,0.0
HC03_VC148_73.8,0.0
HC03_VC148_73.9,0.0
HC03_VC148_74,-0.0
HC03_VC148_74.1,-0.0
HC03_VC148_74.2,-0.4460607181520784
HC03_VC148_74.5,-0.14908050861930217
HC03_VC148_74.6,-0.0
HC03_VC148_74.7,4.096008203084568
HC03_VC148_74.9,52.24691224651193
HC03_VC148_75.1,0.0
HC03_VC148_75.3,0.0
HC03_VC148_75.4,0.0
HC03_VC148_75.6,-0.0
HC03_VC148_75.7,0.0
HC03_VC148_75.8,-0.0
HC03_VC148_76,42.34566769003817
HC03_VC148_76.1,0.0
HC03_VC148_76.2,-0.0
HC03_VC148_76.3,0.0
HC03_VC148_76.5,0.0
HC03_VC148_76.7,58.779282575264645
HC03_VC148_76.8,0.0
HC03_VC148_76.9,0.0
HC03_VC148_77.1,-0.0
HC03_VC148_77.3,-0.0
HC03_VC148_77.4,1.83766306141069
HC03_VC148_77.5,0.0
HC03_VC148_77.6,48.50670259966624
HC03_VC148_77.8,-0.0
HC03_VC148_77.9,-0.0
HC03_VC148_78.1,0.0
HC03_VC148_78.5,-0.0
HC03_VC148_78.8,-0.5597071066553708
HC03_VC148_78.9,0.0
HC03_VC148_79,-0.0
HC03_VC148_79.5,-0.915104287396625
HC03_VC148_79.6,-3.360918054522425
HC03_VC148_79.8,-0.0
HC03_VC148_79.9,0.0
HC03_VC148_80.1,-0.0
HC03_VC148_80.2,-0.0
HC03_VC148_80.4,-18.744760806228832
HC03_VC148_80.5,-0.0
HC03_VC148_80.6,0.0
HC03_VC148_80.8,0.0
HC03_VC148_81,0.0
HC03_VC148_81.1,-0.0
HC03_VC148_81.2,0.0
HC03_VC148_81.3,0.0
HC03_VC148_81.4,0.0
HC03_VC148_81.7,-0.0
HC03_VC148_81.8,0.0
HC03_VC148_81.9,43.60805870580907
HC03_VC148_82.2,-27.70404010632564
HC03_VC148_82.7,0.0
HC03_VC148_82.8,0.0
HC03_VC148_82.9,-29.874799337521736
HC03_VC148_83,-0.0
HC03_VC148_83.2,0.0
HC03_VC148_83.3,46.443678450811596
HC03_VC148_83.4,-0.0
HC03_VC148_83.7,-0.0
HC03_VC148_83.8,0.0
HC03_VC148_83.9,-0.0
HC03_VC148_84.2,-0.10662356583387472
HC03_VC148_84.6,0.0
HC03_VC148_84.9,6.066153125084161
HC03_VC148_85,0.0
HC03_VC148_85.1,0.0
HC03_VC148_85.2,0.0
HC03_VC148_85.4,-0.0
HC03_VC148_85.5,-0.0
HC03_VC148_85.6,-0.0
HC03_VC148_85.7,-0.2331837062840363
HC03_VC148_85.8,44.10681902170484
HC03_VC148_86.1,0.0
HC03_VC148_86.3,-0.0
HC03_VC148_86.4,0.0
HC03_VC148_86.5,0.0
HC03_VC148_86.6,-0.0
HC03_VC148_86.7,0.0
HC03_VC148_86.8,-0.0
HC03_VC148_87.2,0.0
HC03_VC148_87.4,-0.0
HC03_VC148_87.5,0.0
HC03_VC148_87.8,0.0
HC03_VC148_87.9,0.0
HC03_VC148_88,-0.0
HC03_VC148_88.2,0.0
HC03_VC148_88.5,-0.0
HC03_VC148_88.6,0.0
HC03_VC148_88.7,-48.221643682300204
HC03_VC148_88.9,-0.0
HC03_VC148_89,-0.0
HC03_VC148_89.1,-53.43199902037174
HC03_VC148_89.3,-0.0
HC03_VC148_89.4,-0.0
HC03_VC148_89.5,-0.0
HC03_VC148_89.6,-0.0
HC03_VC148_89.7,47.860318120275515
HC03_VC148_89.8,-0.0
HC03_VC148_90,0.0
HC03_VC148_90.1,0.0
HC03_VC148_90.2,0.0
HC03_VC148_90.3,0.0
HC03_VC148_90.5,0.0
HC03_VC148_90.7,-1.089190228891356
HC03_VC148_91,-0.0
HC03_VC148_91.1,0.0
HC03_VC148_91.2,1.0642732636998464
HC03_VC148_91.3,34.61254264776588
HC03_VC148_91.6,-0.0
HC03_VC148_91.9,0.0
HC03_VC148_92,55.48479740511015
HC03_VC148_92.2,-0.0
HC03_VC148_92.3,0.0
HC03_VC148_92.6,0.0
HC03_VC148_92.8,-0.0
HC03_VC148_92.9,-0.0
HC03_VC148_93.4,-0.0
HC03_VC148_93.7,0.0
HC03_VC148_93.8,58.5830277091177
HC03_VC148_94,-2.4463467016869087
HC03_VC148_94.1,-0.0
HC03_VC148_94.2,0.0
HC03_VC148_94.4,0.0
HC03_VC148_94.6,-0.0
HC03_VC148_94.7,0.0
HC03_VC148_94.9,0.0
HC03_VC148_95.2,21.135525851118825
HC03_VC148_95.5,0.0
HC03_VC148_95.7,-0.0
HC03_VC148_96.1,0.0
HC03_VC148_96.3,0.0
HC03_VC148_96.4,-0.0
HC03_VC148_96.5,0.0
HC03_VC148_96.7,-0.0
HC03_VC148_96.8,-0.0
HC03_VC148_97.2,-0.0
HC03_VC148_97.4,-0.0
HC03_VC148_97.6,-3.28647212933399
HC03_VC148_98.1,-0.0
HC03_VC148_98.5,-0.0
HC03_VC148_98.7,14.70326696834631
HC03_VC148_99,-0.2219322609176623
HC03_VC148_99.1,-0.0
HC03_VC151_-,0.0
HC03_VC151_0,-0.0
HC03_VC151_0.4,0.0
HC03_VC151_0.7,-0.0
HC03_VC151_1.3,0.0
HC03_VC151_10.1,0.0
HC03_VC151_10.8,-0.0
HC03_VC151_10.9,-0.0
HC03_VC151_100,0.0
HC03_VC151_11.4,-0.0
HC03_VC151_12.1,0.0
HC03_VC151_12.4,0.0
HC03_VC151_13,-0.0
HC03_VC151_13.1,0.0
HC03_VC151_13.3,-309.70636644654684
HC03_VC151_13.5,0.0
HC03_VC151_14.3,0.0
HC03_VC151_14.8,-0.0
HC03_VC151_15.2,0.041620888458447046
HC03_VC151_15.5,0.0
HC03_VC151_15.6,0.0
HC03_VC151_16,-0.0
HC03_VC151_16.3,-0.0
HC03_VC151_16.7,610.5173611827745
HC03_VC151_17,-0.0
HC03_VC151_17.2,-0.0
HC03_VC151_17.3,0.0
HC03_VC151_17.6,-0.0
HC03_VC151_17.8,-0.0
HC03_VC151_17.9,-0.0
HC03_VC151_18.1,0.0
HC03_VC151_18.2,0.0
HC03_VC151_18.8,0.0
HC03_VC151_19,-0.0
HC03_VC151_19.1,-0.0
HC03_VC151_19.4,0.0
HC03_VC151_19.5,0.0
HC03_VC151_19.6,0.0
HC03_VC151_19.9,584.94983626438
HC03_VC151_2.3,394.6638155207684
HC03_VC151_20.1,-0.0
HC03_VC151_20.4,0.0
HC03_VC151_20.9,-0.0
HC03_VC151_21.1,0.0
HC03_VC151_21.3,0.0
HC03_VC151_21.5,-0.0
HC03_VC151_21.6,0.0
HC03_VC151_21.8,-0.0
HC03_VC151_22.2,0.0
HC03_VC151_22.4,-858.123711530917
HC03_VC151_22.6,0.0
HC03_VC151_23,-0.0
HC03_VC151_23.2,-0.0
HC03_VC151_23.3,153.49733704485638
HC03_VC151_23.4,-0.0
HC03_VC151_23.5,75.29459435307112
HC03_VC151_23.6,-0.0
HC03_VC151_23.7,0.0
HC03_VC151_23.8,0.0
HC03_VC151_23.9,-0.0
HC03_VC151_24,-289.8402748375246
HC03_VC151_24.1,-0.0
HC03_VC151_24.4,0.0
HC03_VC151_24.6,0.0
HC03_VC151_24.7,-0.0
HC03_VC151_24.8,18.74012910237035
HC03_VC151_25,0.0
HC03_VC151_25.1,-0.0
HC03_VC151_25.2,-0.0
HC03_VC151_25.3,-0.0
HC03_VC151_25.4,-0.0
HC03_VC151_25.7,0.0
HC03_VC151_26,0.0
HC03_VC151_26.1,0.0
HC03_VC151_26.2,0.0
HC03_VC151_26.3,-0.0
HC03_VC151_26.5,0.0
HC03_VC151_26.7,-210.56010148078875
HC03_VC151_26.9,0.0
HC03_VC151_27,-515.4314316827763
HC03_VC151_27.1,24.860482716565166
HC03_VC151_27.3,0.0
HC03_VC151_27.4,0.0
HC03_VC151_27.5,-0.0
HC03_VC151_27.6,124.79562985373056
HC03_VC151_27.8,0.4368434678201465
HC03_VC151_27.9,0.0
HC03_VC151_28.2,-0.0
HC03_VC151_28.3,-0.0
HC03_VC151_28.9,0.0
HC03_VC151_29.1,-0.0
HC03_VC151_29.3,-0.0
HC03_VC151_29.6,-0.0
HC03_VC151_29.7,-4.760809724142515
HC03_VC151_29.8,-0.0
HC03_VC151_3.4,0.0
HC03_VC151_30.3,-1841.5193917518461
HC03_VC151_30.5,-0.0
HC03_VC151_30.6,-547.6171218941238
HC03_VC151_30.7,-6.284882251192844
HC03_VC151_30.8,-0.0
HC03_VC151_31,-0.0
HC03_VC151_31.1,0.0
HC03_VC151_31.2,0.0
HC03_VC151_31.4,-0.0
HC03_VC151_31.6,0.0
HC03_VC151_31.7,0.0
HC03_VC151_31.8,-0.0
HC03_VC151_32.1,0.0
HC03_VC151_32.3,696.5821521200268
HC03_VC151_32.4,0.0
HC03_VC151_32.6,0.0
HC03_VC151_32.7,0.0
HC03_VC151_32.8,-0.0
HC03_VC151_33,3986.3803909155786
HC03_VC151_33.1,-0.0
HC03_VC151_33.2,0.0
HC03_VC151_33.3,-878.757255795859
HC03_VC151_33.5,-0.0
HC03_VC151_33.7,-0.0
HC03_VC151_33.8,-196.91839950755235
HC03_VC151_33.9,-0.401462225132285
HC03_VC151_34,0.0
HC03_VC151_34.1,-0.0
HC03_VC151_34.2,-304.405810811132
HC03_VC151_34.3,48.30114559514869
HC03_VC151_34.4,-0.0
HC03_VC151_34.7,-0.0
HC03_VC151_34.8,-264.91109659661237
HC03_VC151_35,0.0
HC03_VC151_35.1,-155.10145025188243
HC03_VC151_35.2,-7.8909754577741635
HC03_VC151_35.3,346.92332042203043
HC03_VC151_35.5,0.0
HC03_VC151_35.6,0.0
HC03_VC151_35.7,-439.5034215195535
HC03_VC151_35.8,0.0
HC03_VC151_35.9,3476.3564623354123
HC03_VC151_36,133.06238442976192
HC03_VC151_36.1,0.0
HC03_VC151_36.2,-0.30118434347688955
HC03_VC151_36.3,-0.0
HC03_VC151_36.5,-0.0
HC03_VC151_36.6,-0.0
HC03_VC151_36.8,-0.0
HC03_VC151_37.1,1.438383124503834
HC03_VC151_37.2,-0.0
HC03_VC151_37.3,-0.0
HC03_VC151_37.4,0.0
HC03_VC151_37.6,0.0
HC03_VC151_37.8,-2222.316714359431
HC03_VC151_37.9,0.0
HC03_VC151_38.1,0.0
HC03_VC151_38.2,0.0
HC03_VC151_38.3,0.0
HC03_VC151_38.6,0.0
HC03_VC151_39.1,-0.0
HC03_VC151_39.2,-0.0
HC03_VC151_39.3,0.0
HC03_VC151_39.4,-0.0
HC03_VC151_39.5,-9.544892700197023
HC03_VC151_39.6,-0.0
HC03_VC151_39.7,-0.0
HC03_VC151_39.8,0.0
HC03_VC151_4,-0.0
HC03_VC151_4.1,-0.0
HC03_VC151_4.2,-0.0
HC03_VC151_4.8,-0.0
HC03_VC151_40,0.0
HC03_VC151_40.1,-1545.7897916903844
HC03_VC151_40.2,237.86256388402384
HC03_VC151_40.3,0.0
HC03_VC151_40.4,-0.0
HC03_VC151_40.5,-0.0
HC03_VC151_40.6,81.41047698409353
HC03_VC151_40.8,0.0
HC03_VC151_40.9,0.0
HC03_VC151_41,0.0
HC03_VC151_41.2,-0.0
HC03_VC151_41.4,0.0
HC03_VC151_41.5,-0.0
HC03_VC151_41.7,0.0
HC03_VC151_41.9,0.0
HC03_VC151_42,-0.0
HC03_VC151_42.3,-0.0
HC03_VC151_42.5,5999.858967942919
HC03_VC151_42.6,-0.0
HC03_VC151_42.8,0.0
HC03_VC151_42.9,12.032668946437731
HC03_VC151_43,-0.0
HC03_VC151_43.1,-0.0
HC03_VC151_43.2,-24.246604131933058
HC03_VC151_43.4,-0.0
HC03_VC151_43.5,-0.0
HC03_VC151_43.9,-0.0
HC03_VC151_44,0.0
HC03_VC151_44.1,0.0
HC03_VC151_44.3,-3354.6817241011063
HC03_VC151_44.4,-582.9597280196316
HC03_VC151_44.5,-0.0
HC03_VC151_44.7,-0.0
HC03_VC151_44.8,0.0
HC03_VC151_44.9,-1917.6189035787158
HC03_VC151_45.3,0.0
HC03_VC151_45.5,-0.0
HC03_VC151_45.8,-0.0
HC03_VC151_45.9,0.0
HC03_VC151_46,0.0
HC03_VC151_46.2,-0.0
HC03_VC151_46.3,-0.0
HC03_VC151_46.5,-0.0
HC03_VC151_47,0.0
HC03_VC151_47.1,-0.0
HC03_VC151_47.4,-1.142409877678107
HC03_VC151_47.5,-551.3840906818863
HC03_VC151_47.6,56.08762320182303
HC03_VC151_47.7,-0.14711782092091516
HC03_VC151_47.8,-0.0
HC03_VC151_47.9,-864.9236428081858
HC03_VC151_48,286.95443485330304
HC03_VC151_48.2,0.0
HC03_VC151_48.3,-0.0
HC03_VC151_48.5,-0.0
HC03_VC151_48.6,-0.0
HC03_VC151_48.8,0.0
HC03_VC151_49.7,-0.0
HC03_VC151_5.1,-0.0
HC03_VC151_5.3,0.0
HC03_VC151_50,0.0
HC03_VC151_50.3,-116.72485534200332
HC03_VC151_50.9,-0.0
HC03_VC151_51.2,0.0
HC03_VC151_51.3,-0.0
HC03_VC151_51.4,-0.0
HC03_VC151_51.6,0.0
HC03_VC151_51.9,0.0
HC03_VC151_52,0.0
HC03_VC151_52.6,-0.0
HC03_VC151_53,0.0
HC03_VC151_53.2,0.0
HC03_VC151_53.3,-0.0
HC03_VC151_54.4,582.8611207393135
HC03_VC151_54.5,0.0
HC03_VC151_54.8,0.0
HC03_VC151_55.2,-0.0
HC03_VC151_55.6,0.0
HC03_VC151_56,0.0
HC03_VC151_56.2,-0.0
HC03_VC151_56.6,-0.0
HC03_VC151_56.7,-493.49430519340734
HC03_VC151_56.9,-0.0
HC03_VC151_57,0.0
HC03_VC151_57.1,-0.0
HC03_VC151_57.2,-0.0
HC03_VC151_57.9,0.0
HC03_VC151_58.3,0.0
HC03_VC151_58.8,0.0
HC03_VC151_59,-0.0
HC03_VC151_59.8,-0.0
HC03_VC151_6.1,0.0
HC03_VC151_6.4,0.0
HC03_VC151_6.7,0.0
HC03_VC151_6.8,-0.0
HC03_VC151_60.5,0.0
HC03_VC151_60.7,-0.0
HC03_VC151_61.2,-0.0
HC03_VC151_61.4,0.0
HC03_VC151_61.5,0.0
HC03_VC151_61.8,0.0
HC03_VC151_63.3,0.0
HC03_VC151_63.7,-0.0
HC03_VC151_63.8,-0.0
HC03_VC151_64.4,-333.19457990270746
HC03_VC151_65.3,0.0
HC03_VC151_65.5,0.0
HC03_VC151_65.6,0.0
HC03_VC151_65.9,-373.2603302472345
HC03_VC151_66.2,-114.57790074778724
HC03_VC151_66.7,-0.0
HC03_VC151_67.9,0.0
HC03_VC151_68.1,0.0
HC03_VC151_7.4,-0.0
HC03_VC151_7.9,-0.0
HC03_VC151_70.3,-0.0
HC03_VC151_70.7,-0.0
HC03_VC151_72.4,-0.0
HC03_VC151_72.5,0.0
HC03_VC151_73.7,-0.0
HC03_VC151_73.9,-0.0
HC03_VC151_74.3,0.0
HC03_VC151_76.2,0.0
HC03_VC151_77.3,0.0
HC03_VC151_77.5,0.0
HC03_VC151_79.4,0.0
HC03_VC151_79.6,0.0
HC03_VC151_81.9,0.0
HC03_VC151_83.5,0.0
HC03_VC151_87.8,-0.0
HC03_VC151_89.6,-0.0
HC03_VC151_89.7,-0.0
HC03_VC151_9.1,-0.0
HC03_VC151_9.2,-0.0
HC03_VC151_9.5,-0.0
HC03_VC151_9.7,-0.0
HC03_VC151_90.4,14.9364463198057
HC03_VC151_92.3,0.0
HC03_VC152_-,0.0
HC03_VC152_0,0.0
HC03_VC152_10.3,-0.0
HC03_VC152_10.4,-0.0
HC03_VC152_100,-0.0
HC03_VC152_12.2,-0.0
HC03_VC152_16.5,0.0
HC03_VC152_18.1,0.0
HC03_VC152_20.4,0.0
HC03_VC152_20.6,0.0
HC03_VC152_22.5,0.0
HC03_VC152_22.7,0.0
HC03_VC152_23.8,0.0
HC03_VC152_25.7,0.0
HC03_VC152_26.1,-0.0
HC03_VC152_26.3,-0.0
HC03_VC152_27.5,0.0
HC03_VC152_27.6,-0.0
HC03_VC152_29.3,-0.0
HC03_VC152_29.7,-0.0
HC03_VC152_31.9,0.0
HC03_VC152_32.1,0.0
HC03_VC152_33.3,-0.0
HC03_VC152_33.8,-1.0726107564980971
HC03_VC152_34.1,-0.8579764232125904
HC03_VC152_34.4,0.0
HC03_VC152_34.5,0.0
HC03_VC152_34.7,0.0
HC03_VC152_35.6,-0.8891466552637936
HC03_VC152_36.2,-0.0
HC03_VC152_36.3,-0.0
HC03_VC152_36.7,0.0
HC03_VC152_38.2,0.0
HC03_VC152_38.5,0.0
HC03_VC152_38.6,0.0
HC03_VC152_38.8,-0.0
HC03_VC152_39.3,-0.0
HC03_VC152_39.5,0.0
HC03_VC152_40.2,-0.0
HC03_VC152_41,-0.0
HC03_VC152_41.2,0.0
HC03_VC152_41.7,0.0
HC03_VC152_42.1,0.0
HC03_VC152_42.8,-0.0
HC03_VC152_42.9,-0.0
HC03_VC152_43,0.0
HC03_VC152_43.1,-0.0
HC03_VC152_43.3,-1.6294472198836703
HC03_VC152_43.4,-0.0
HC03_VC152_43.8,-0.0
HC03_VC152_44,0.0
HC03_VC152_44.4,0.0
HC03_VC152_44.8,-0.0
HC03_VC152_45.2,0.0
HC03_VC152_45.5,0.0
HC03_VC152_45.6,0.0
HC03_VC152_46.7,-0.0
HC03_VC152_46.8,0.0
HC03_VC152_47,0.0
HC03_VC152_47.4,-0.0
HC03_VC152_48,0.0
HC03_VC152_48.1,0.0
HC03_VC152_48.4,0.0
HC03_VC152_48.6,-0.0
HC03_VC152_48.7,-0.0
HC03_VC152_48.8,0.0
HC03_VC152_49.1,-0.0
HC03_VC152_49.7,-0.9920324625415899
HC03_VC152_50,0.0
HC03_VC152_50.3,-0.0
HC03_VC152_51.2,0.0
HC03_VC152_51.4,-0.0
HC03_VC152_51.5,-0.0
HC03_VC152_51.7,-0.0
HC03_VC152_51.8,0.0
HC03_VC152_52,0.16408734209680043
HC03_VC152_52.1,-0.8536494441223585
HC03_VC152_52.2,-0.0
HC03_VC152_52.3,-1.4781139284543372
HC03_VC152_52.4,0.2784776449998135
HC03_VC152_52.5,-4.651693260501098
HC03_VC152_52.6,-0.0
HC03_VC152_52.9,-0.0
HC03_VC152_53,0.0
HC03_VC152_53.5,-0.0
HC03_VC152_53.7,-0.0
HC03_VC152_53.8,-0.0
HC03_VC152_54,0.0
HC03_VC152_54.1,0.0
HC03_VC152_54.2,-0.0
HC03_VC152_54.5,-0.0
HC03_VC152_54.7,0.0
HC03_VC152_55.1,-6.569914188797671
HC03_VC152_55.2,0.0
HC03_VC152_55.3,-0.0
HC03_VC152_55.5,-0.0
HC03_VC152_55.6,-0.0
HC03_VC152_55.7,-0.0
HC03_VC152_55.9,0.0
HC03_VC152_56,0.0
HC03_VC152_56.1,-0.0
HC03_VC152_56.5,-0.0
HC03_VC152_56.6,-0.0
HC03_VC152_56.8,-0.0
HC03_VC152_56.9,-0.0
HC03_VC152_57,-0.0
HC03_VC152_57.1,13.035553368700327
HC03_VC152_57.2,0.0
HC03_VC152_57.4,-0.0
HC03_VC152_57.5,13.099166018277094
HC03_VC152_57.7,-0.0
HC03_VC152_58,-0.0
HC03_VC152_58.1,0.0
HC03_VC152_58.3,18.91286307236989
HC03_VC152_58.5,-0.0
HC03_VC152_58.6,0.0
HC03_VC152_58.8,-0.0
HC03_VC152_59,0.0
HC03_VC152_59.1,0.0
HC03_VC152_59.2,0.0
HC03_VC152_59.4,22.253606375241368
HC03_VC152_59.5,-0.0
HC03_VC152_59.6,-0.0
HC03_VC152_59.7,0.0
HC03_VC152_59.8,18.102646198385738
HC03_VC152_59.9,-10.791550134185615
HC03_VC152_60,0.0
HC03_VC152_60.2,0.0
HC03_VC152_60.3,-0.0
HC03_VC152_60.4,-0.0
HC03_VC152_60.5,-0.36614978009247134
HC03_VC152_60.6,-0.0
HC03_VC152_60.7,0.0
HC03_VC152_60.8,-0.0
HC03_VC152_60.9,-0.0
HC03_VC152_61.4,0.0
HC03_VC152_61.7,0.0
HC03_VC152_61.8,0.0
HC03_VC152_61.9,0.0
HC03_VC152_62.1,0.0
HC03_VC152_62.2,-9.20384853687586
HC03_VC152_62.4,0.0
HC03_VC152_62.6,0.0
HC03_VC152_62.7,-0.0
HC03_VC152_62.8,-0.0
HC03_VC152_62.9,18.66398216103209
HC03_VC152_63.2,-0.0
HC03_VC152_63.4,-0.0
HC03_VC152_63.5,-0.0
HC03_VC152_63.7,-0.0
HC03_VC152_63.8,-0.0
HC03_VC152_63.9,0.0
HC03_VC152_64,4.1907496442394
HC03_VC152_64.1,18.516574824090508
HC03_VC152_64.2,0.0
HC03_VC152_64.3,-1.2634328755948199
HC03_VC152_64.4,0.0
HC03_VC152_64.5,0.0
HC03_VC152_64.7,0.9351043875864254
HC03_VC152_64.8,-2.8231588451822183
HC03_VC152_64.9,-0.8112890010713042
HC03_VC152_65,0.0
HC03_VC152_65.2,-0.8561810846822481
HC03_VC152_65.3,-0.0
HC03_VC152_65.6,-0.0
HC03_VC152_65.7,15.024437211675504
HC03_VC152_65.8,-18.080588145406956
HC03_VC152_65.9,-0.0
HC03_VC152_66,0.0
HC03_VC152_66.1,-0.0
HC03_VC152_66.2,-0.0
HC03_VC152_66.3,-0.0
HC03_VC152_66.5,-0.0
HC03_VC152_66.7,-21.382861174188097
HC03_VC152_66.8,26.321011710763315
HC03_VC152_66.9,-0.0
HC03_VC152_67,31.262035721232266
HC03_VC152_67.2,-0.0
HC03_VC152_67.3,0.0
HC03_VC152_67.4,0.0
HC03_VC152_67.6,16.19566515178118
HC03_VC152_67.7,39.96331074183545
HC03_VC152_67.9,0.0
HC03_VC152_68.2,-0.0
HC03_VC152_68.3,0.0
HC03_VC152_68.4,43.80520328240967
HC03_VC152_68.6,-0.0
HC03_VC152_68.8,0.0
HC03_VC152_68.9,0.0
HC03_VC152_69,-0.0
HC03_VC152_69.2,-0.0
HC03_VC152_69.3,-1.0496517943768218
HC03_VC152_69.4,-1.0771715324687263
HC03_VC152_69.5,-0.0
HC03_VC152_69.7,-1.2310186381566093
HC03_VC152_7.7,0.0
HC03_VC152_70.2,-0.0
HC03_VC152_70.3,-1.9631337245322351
HC03_VC152_70.4,-0.0
HC03_VC152_70.7,-0.0
HC03_VC152_70.9,-0.0
HC03_VC152_71.1,0.0
HC03_VC152_71.7,-0.0
HC03_VC152_71.8,-0.0
HC03_VC152_72.1,0.0
HC03_VC152_72.2,21.764504466227763
HC03_VC152_72.4,26.27554759006799
HC03_VC152_72.5,-0.0
HC03_VC152_72.6,0.0
HC03_VC152_72.7,0.0
HC03_VC152_72.9,0.0
HC03_VC152_73,-3.2938321856883213
HC03_VC152_73.1,0.0
HC03_VC152_73.3,-3.5611658496010525
HC03_VC152_73.5,0.0
HC03_VC152_73.7,-0.0
HC03_VC152_73.8,0.0
HC03_VC152_73.9,0.0
HC03_VC152_74,0.0
HC03_VC152_74.3,0.0
HC03_VC152_74.6,-0.0
HC03_VC152_74.7,-0.0
HC03_VC152_74.8,-0.0
HC03_VC152_74.9,-0.0
HC03_VC152_75,0.0
HC03_VC152_75.2,16.625080866650492
HC03_VC152_75.3,-0.0
HC03_VC152_75.4,0.0
HC03_VC152_75.6,0.0
HC03_VC152_75.9,-0.0
HC03_VC152_76,-2.5980490614130707
HC03_VC152_76.1,-0.0
HC03_VC152_76.2,0.0
HC03_VC152_76.3,0.0
HC03_VC152_76.4,-0.0
HC03_VC152_76.5,0.0
HC03_VC152_76.6,-0.0
HC03_VC152_76.7,38.85010985883271
HC03_VC152_76.8,-0.0
HC03_VC152_77,-0.0
HC03_VC152_77.4,0.0
HC03_VC152_77.6,-12.676381404143278
HC03_VC152_77.8,0.0
HC03_VC152_78.2,-0.0
HC03_VC152_78.4,0.0
HC03_VC152_78.5,-0.0
HC03_VC152_78.7,0.0
HC03_VC152_78.9,0.0
HC03_VC152_79.1,-0.05927866639298779
HC03_VC152_79.6,0.0
HC03_VC152_79.9,-0.0
HC03_VC152_80.1,33.309584026810136
HC03_VC152_80.4,0.0
HC03_VC152_80.5,0.0
HC03_VC152_80.6,0.0
HC03_VC152_80.9,-0.0
HC03_VC152_81,-0.0
HC03_VC152_81.2,0.0
HC03_VC152_81.8,0.0
HC03_VC152_81.9,0.0
HC03_VC152_82.1,-0.05995971169193147
HC03_VC152_82.2,-0.0
HC03_VC152_82.4,-0.0
HC03_VC152_82.7,0.0
HC03_VC152_82.8,-0.0
HC03_VC152_83,-0.0
HC03_VC152_83.3,14.995163875511958
HC03_VC152_83.7,-0.0
HC03_VC152_84,-0.0
HC03_VC152_84.4,0.0
HC03_VC152_84.5,0.0
HC03_VC152_84.8,17.95690195878348
HC03_VC152_85.2,-0.0
HC03_VC152_85.7,0.0
HC03_VC152_86.5,0.0
HC03_VC152_86.7,-1.711738581739713
HC03_VC152_86.9,0.0
HC03_VC152_87,-0.0
HC03_VC152_87.6,0.0
HC03_VC152_87.9,0.0
HC03_VC152_88.6,-0.0
HC03_VC152_89.1,-0.0
HC03_VC152_89.2,-0.0
HC03_VC152_89.9,0.0
HC03_VC152_9.6,10.552575125727975
HC03_VC152_90.3,-0.0
HC03_VC152_90.5,-0.0
HC03_VC152_90.8,-0.0
HC03_VC152_90.9,-0.0
HC03_VC152_92.1,-0.0
HC03_VC152_92.6,-0.0
HC03_VC152_93.2,-0.0
HC03_VC152_93.3,0.0
HC03_VC152_93.6,0.0
HC03_VC152_93.9,0.0
HC03_VC152_94.7,0.0
HC03_VC152_94.9,-0.0
HC03_VC152_95.2,-0.0
HC03_VC152_95.8,-0.0
HC03_VC152_95.9,-0.0
HC03_VC152_96,-0.0
HC03_VC152_96.6,0.0
HC03_VC152_97.7,19.47129271202149
HC03_VC152_98.7,3.812810109869491
HC03_VC152_99.3,-0.0
HC03_VC152_99.6,0.0
HC03_VC157_-,0.0
HC03_VC157_0,-159.4606663346973
HC03_VC157_0.8,0.0
HC03_VC157_1.6,0.0
HC03_VC157_1.9,0.0
HC03_VC157_10,0.0
HC03_VC157_10.2,-0.0
HC03_VC157_10.4,-0.0
HC03_VC157_10.7,0.0
HC03_VC157_10.8,0.0
HC03_VC157_10.9,-10.930163838195414
HC03_VC157_100,1242.5049267084387
HC03_VC157_11.1,1.3431708500026278
HC03_VC157_11.2,-0.0
HC03_VC157_11.4,-2866.4984466487954
HC03_VC157_11.5,0.0
HC03_VC157_11.7,0.0
HC03_VC157_11.8,-0.0
HC03_VC157_12,-0.0
HC03_VC157_12.1,-0.0
HC03_VC157_12.2,-11.258127310235421
HC03_VC157_12.5,-0.0
HC03_VC157_12.6,51.61009839145578
HC03_VC157_12.7,-0.0
HC03_VC157_12.9,0.0
HC03_VC157_13,0.0
HC03_VC157_13.3,-0.0
HC03_VC157_13.4,0.0
HC03_VC157_13.7,-12.737105738463914
HC03_VC157_13.9,0.0
HC03_VC157_14,0.0
HC03_VC157_14.1,-10.51968194702264
HC03_VC157_14.3,-0.0
HC03_VC157_14.4,0.0
HC03_VC157_14.7,-0.3721667896601503
HC03_VC157_15,-0.0
HC03_VC157_15.4,-0.0
HC03_VC157_15.5,-154.46721127962502
HC03_VC157_15.6,-0.0
HC03_VC157_15.7,0.0
HC03_VC157_16,-0.0
HC03_VC157_16.1,-0.0
HC03_VC157_16.3,0.0
HC03_VC157_16.4,-14.737117934737926
HC03_VC157_16.5,0.0
HC03_VC157_16.6,1572.8046047284176
HC03_VC157_16.7,-0.0
HC03_VC157_16.8,-8.52878236507055
HC03_VC157_16.9,0.0
HC03_VC157_17,-0.0
HC03_VC157_17.1,-0.0
HC03_VC157_17.2,0.0
HC03_VC157_17.3,-720.3899954807849
HC03_VC157_17.4,0.0
HC03_VC157_17.5,0.0
HC03_VC157_17.7,0.0
HC03_VC157_17.9,0.0
HC03_VC157_18.1,0.0
HC03_VC157_18.4,0.0
HC03_VC157_18.5,-1332.070550353245
HC03_VC157_18.6,-2207.6323860575194
HC03_VC157_18.8,0.0
HC03_VC157_18.9,0.0
HC03_VC157_19,-0.0
HC03_VC157_19.1,-1443.4586062361045
HC03_VC157_19.3,-0.0
HC03_VC157_19.4,0.0
HC03_VC157_19.5,0.0
HC03_VC157_19.6,-0.0
HC03_VC157_19.7,0.0
HC03_VC157_19.8,0.0
HC03_VC157_19.9,-0.0
HC03_VC157_2.1,-0.0
HC03_VC157_2.2,-0.0
HC03_VC157_2.5,0.0
HC03_VC157_2.8,-0.0
HC03_VC157_20.1,0.0
HC03_VC157_20.2,147.89714722963598
HC03_VC157_20.3,-0.0
HC03_VC157_20.4,-0.0
HC03_VC157_20.5,2829.920180482362
HC03_VC157_20.6,0.0
HC03_VC157_20.7,363.66156277151305
HC03_VC157_20.8,0.0
HC03_VC157_21,0.0
HC03_VC157_21.3,910.4773710317473
HC03_VC157_21.4,-137.83207207811816
HC03_VC157_21.6,0.9172159048207534
HC03_VC157_21.7,0.0
HC03_VC157_21.8,4477.728252784246
HC03_VC157_22,-91.49247895033314
HC03_VC157_22.1,-2.0811791795317
HC03_VC157_22.3,0.0
HC03_VC157_22.5,-2083.7186059259466
HC03_VC157_22.6,0.0
HC03_VC157_22.7,1699.6538772227727
HC03_VC157_22.8,0.0
HC03_VC157_23,9.7337712659312
HC03_VC157_23.1,-0.0
HC03_VC157_23.3,-0.0
HC03_VC157_23.7,-0.0
HC03_VC157_24.1,-0.0
HC03_VC157_24.3,-0.0
HC03_VC157_24.4,-0.0
HC03_VC157_24.5,0.0
HC03_VC157_24.6,-0.0
HC03_VC157_24.9,0.0
HC03_VC157_25.1,0.0
HC03_VC157_25.2,-0.0
HC03_VC157_25.3,-0.0
HC03_VC157_25.5,-0.0
HC03_VC157_25.6,-0.0
HC03_VC157_25.7,0.0
HC03_VC157_25.8,51.86401363963707
HC03_VC157_26,-0.0
HC03_VC157_26.2,0.0
HC03_VC157_26.3,-0.0
HC03_VC157_26.4,-0.0
HC03_VC157_26.8,-325.12698961368756
HC03_VC157_27,-0.0
HC03_VC157_27.2,-0.0
HC03_VC157_27.3,417.03479116880095
HC03_VC157_27.4,-0.0
HC03_VC157_27.6,0.0
HC03_VC157_27.7,50.342142407058475
HC03_VC157_27.8,-0.0
HC03_VC157_27.9,0.0
HC03_VC157_28.5,0.0
HC03_VC157_28.6,0.0
HC03_VC157_28.7,-0.0
HC03_VC157_28.9,0.0
HC03_VC157_29.2,-0.0
HC03_VC157_29.5,-3334.292022494864
HC03_VC157_29.9,0.0
HC03_VC157_3.6,-0.0
HC03_VC157_3.9,0.0
HC03_VC157_30.1,-0.0
HC03_VC157_30.2,-0.0
HC03_VC157_30.3,-188.38058734331563
HC03_VC157_30.7,-0.0
HC03_VC157_30.8,673.8879400977592
HC03_VC157_31.4,0.0
HC03_VC157_31.5,0.0
HC03_VC157_31.8,-0.0
HC03_VC157_32.1,-884.5043371949758
HC03_VC157_32.3,-0.0
HC03_VC157_32.4,0.0
HC03_VC157_32.7,0.0
HC03_VC157_33,15.38779764633401
HC03_VC157_33.2,-0.0
HC03_VC157_33.3,-666.4273899958976
HC03_VC157_33.4,0.0
HC03_VC157_33.5,-0.0
HC03_VC157_33.6,0.0
HC03_VC157_33.8,0.0
HC03_VC157_34.2,0.0
HC03_VC157_34.5,0.0
HC03_VC157_34.9,0.0
HC03_VC157_35.1,0.0
HC03_VC157_35.2,-0.0
HC03_VC157_35.5,-0.0
HC03_VC157_35.7,-0.0
HC03_VC157_35.8,0.0
HC03_VC157_35.9,-1.9914827197582539
HC03_VC157_36.4,0.0
HC03_VC157_36.5,0.0
HC03_VC157_36.8,0.0
HC03_VC157_37.1,0.0
HC03_VC157_37.7,-0.0
HC03_VC157_37.8,0.0
HC03_VC157_38.4,-0.0
HC03_VC157_38.6,0.0
HC03_VC157_38.8,-0.0
HC03_VC157_39,0.0
HC03_VC157_39.3,-0.0
HC03_VC157_39.8,0.0
HC03_VC157_4,0.0
HC03_VC157_4.3,-0.0
HC03_VC157_4.5,0.0
HC03_VC157_4.9,0.0
HC03_VC157_40.2,-0.0
HC03_VC157_40.4,-0.2018137219938987
HC03_VC157_40.6,-0.0
HC03_VC157_40.7,0.0
HC03_VC157_41.1,-0.0
HC03_VC157_41.4,-0.0
HC03_VC157_41.9,-0.0
HC03_VC157_42,-1.623316388597355
HC03_VC157_42.2,-0.0
HC03_VC157_42.4,-0.0
HC03_VC157_42.9,0.0
HC03_VC157_43,-0.0
HC03_VC157_43.4,-33.04120667566406
HC03_VC157_43.5,-283.4539674255891
HC03_VC157_43.9,0.0
HC03_VC157_44,-2.1591627780789953
HC03_VC157_44.2,-0.0
HC03_VC157_44.4,-0.0
HC03_VC157_44.5,-565.9223479384889
HC03_VC157_45,33.03171365448918
HC03_VC157_45.1,821.150150244947
HC03_VC157_45.2,0.0
HC03_VC157_45.7,0.0
HC03_VC157_46.1,-0.0
HC03_VC157_46.2,-0.0
HC03_VC157_46.3,-0.23535640857342546
HC03_VC157_46.6,-0.0
HC03_VC157_47.1,0.0
HC03_VC157_47.3,-0.0
HC03_VC157_47.5,0.0
HC03_VC157_48,-0.2630621210667581
HC03_VC157_48.1,-0.0
HC03_VC157_48.5,-0.0
HC03_VC157_48.9,-0.0
HC03_VC157_49,-0.0
HC03_VC157_49.1,-0.0
HC03_VC157_5.3,-0.0
HC03_VC157_5.5,-220.3174457899021
HC03_VC157_5.6,0.0
HC03_VC157_50,-0.0
HC03_VC157_50.1,0.0
HC03_VC157_50.3,-0.0
HC03_VC157_50.7,-0.0
HC03_VC157_51.2,0.0
HC03_VC157_51.4,-0.0
HC03_VC157_51.7,0.0
HC03_VC157_52.3,-0.0
HC03_VC157_52.4,-0.0
HC03_VC157_52.7,-0.0
HC03_VC157_53,-0.0
HC03_VC157_53.6,-0.0
HC03_VC157_53.7,0.0
HC03_VC157_53.8,0.0
HC03_VC157_54.4,1108.3347545359304
HC03_VC157_54.5,17.729678232915187
HC03_VC157_54.8,6.264749910566994
HC03_VC157_55.7,-0.0
HC03_VC157_56.1,0.0
HC03_VC157_56.2,-0.39143218500198784
HC03_VC157_56.3,0.0
HC03_VC157_56.4,0.0
HC03_VC157_56.6,0.0
HC03_VC157_57.4,-0.0
HC03_VC157_58.1,-0.0
HC03_VC157_59.4,0.0
HC03_VC157_59.6,0.41615598514926083
HC03_VC157_59.9,-0.0
HC03_VC157_6,0.0
HC03_VC157_6.1,-0.0
HC03_VC157_6.4,0.0
HC03_VC157_6.6,0.0
HC03_VC157_6.9,0.0
HC03_VC157_60.2,-0.0
HC03_VC157_61,-0.0
HC03_VC157_61.7,0.0
HC03_VC157_62,-0.3948485810634635
HC03_VC157_62.4,0.0
HC03_VC157_63.9,-0.0
HC03_VC157_64.6,0.0
HC03_VC157_67.4,-0.0
HC03_VC157_68.4,-0.0
HC03_VC157_69.3,0.0
HC03_VC157_7.3,-0.0
HC03_VC157_7.4,-0.0
HC03_VC157_7.5,-0.0
HC03_VC157_7.7,0.0
HC03_VC157_7.9,0.0
HC03_VC157_70.4,-0.0
HC03_VC157_70.5,-0.0
HC03_VC157_71.2,0.0
HC03_VC157_73.1,-0.0
HC03_VC157_74.9,0.0
HC03_VC157_77.1,-0.0
HC03_VC157_78.6,0.0
HC03_VC157_8.1,-3.1191703411372833
HC03_VC157_8.3,-0.0
HC03_VC157_84.2,331.6237451927888
HC03_VC157_9,126.34297713143408
HC03_VC157_9.1,263.3976046555875
HC03_VC157_9.4,96.43224386836458
HC03_VC157_9.5,0.0
HC03_VC157_9.7,-0.0
HC03_VC157_9.9,-193.578698168144
HC03_VC157_90.9,-0.0
HC03_VC158_-,0.0
HC03_VC158_0,415.9705048279916
HC03_VC158_1,0.0
HC03_VC158_10.2,0.0
HC03_VC158_10.3,0.0
HC03_VC158_10.5,-0.0
HC03_VC158_10.7,0.0
HC03_VC158_10.9,-0.0
HC03_VC158_100,-0.0
HC03_VC158_11,0.0
HC03_VC158_11.3,0.0
HC03_VC158_11.4,-0.38347078960238207
HC03_VC158_11.5,-433.11282014856386
HC03_VC158_11.7,-0.0
HC03_VC158_11.8,369.9202594200265
HC03_VC158_12,-0.0
HC03_VC158_12.2,0.0
HC03_VC158_12.3,0.0
HC03_VC158_12.6,0.0
HC03_VC158_12.8,-0.3771629622939085
HC03_VC158_13,0.0
HC03_VC158_13.5,0.0
HC03_VC158_13.6,722.91667559681
HC03_VC158_13.9,0.0
HC03_VC158_14,0.0
HC03_VC158_14.1,-58.68110024713666
HC03_VC158_14.3,-0.0
HC03_VC158_14.7,0.0
HC03_VC158_15.1,0.0
HC03_VC158_15.2,0.0
HC03_VC158_15.5,-0.0
HC03_VC158_15.6,-0.0
HC03_VC158_15.7,-0.5028265555218988
HC03_VC158_16.2,138.13846548080258
HC03_VC158_16.3,0.0
HC03_VC158_16.4,0.0
HC03_VC158_16.9,-0.468107268656315
HC03_VC158_17,449.7585947471243
HC03_VC158_17.1,-0.0
HC03_VC158_17.5,-0.9613137164690216
HC03_VC158_17.6,-0.0
HC03_VC158_17.7,0.0
HC03_VC158_17.8,1914.0893627019934
HC03_VC158_18,0.0
HC03_VC158_18.2,0.0
HC03_VC158_18.3,0.0
HC03_VC158_18.4,0.0
HC03_VC158_18.5,-1.1885079080748138
HC03_VC158_18.6,0.0
HC03_VC158_18.8,73.72884127535565
HC03_VC158_18.9,-0.0
HC03_VC158_19,0.0
HC03_VC158_19.3,-108.04244148772686
HC03_VC158_19.4,-0.0
HC03_VC158_19.5,0.0
HC03_VC158_19.7,-0.0
HC03_VC158_2.3,0.0
HC03_VC158_2.9,0.0
HC03_VC158_20,-0.0
HC03_VC158_20.1,0.0
HC03_VC158_20.2,-0.0
HC03_VC158_20.3,-0.2280353061798498
HC03_VC158_20.4,-223.94182011781604
HC03_VC158_20.5,-0.0
HC03_VC158_20.8,-1425.4866502840127
HC03_VC158_20.9,0.0
HC03_VC158_21,-0.0
HC03_VC158_21.1,-232.8607753810892
HC03_VC158_21.2,0.0
HC03_VC158_21.3,-0.0
HC03_VC158_21.5,-0.0
HC03_VC158_22.1,-0.0
HC03_VC158_22.2,0.0
HC03_VC158_22.3,0.0
HC03_VC158_22.6,0.0
HC03_VC158_22.7,-208.38387087267887
HC03_VC158_22.8,0.0
HC03_VC158_23.1,-94.77670538584786
HC03_VC158_23.2,20.052377169781263
HC03_VC158_23.4,-1904.8074600376378
HC03_VC158_23.6,-0.0
HC03_VC158_23.7,-0.0
HC03_VC158_23.8,-0.0
HC03_VC158_23.9,-0.0
HC03_VC158_24.1,0.0
HC03_VC158_24.2,-0.0
HC03_VC158_24.3,-518.9907349864069
HC03_VC158_24.6,120.15393926681706
HC03_VC158_24.7,0.0
HC03_VC158_24.8,-0.0
HC03_VC158_24.9,0.0
HC03_VC158_25,-0.0
HC03_VC158_25.1,-0.0
HC03_VC158_25.2,-0.0
HC03_VC158_25.3,0.0
HC03_VC158_25.4,-0.0
HC03_VC158_26,1548.671071223978
HC03_VC158_26.2,-0.0
HC03_VC158_26.4,502.3704411963327
HC03_VC158_26.7,0.0
HC03_VC158_26.8,13.366844512305178
HC03_VC158_26.9,-0.08928724418053817
HC03_VC158_27,108.62525365152027
HC03_VC158_27.2,0.0
HC03_VC158_27.3,0.0
HC03_VC158_27.4,-0.0
HC03_VC158_27.7,-0.0
HC03_VC158_27.9,-0.0
HC03_VC158_28.1,0.0
HC03_VC158_28.2,-0.0
HC03_VC158_28.4,0.0
HC03_VC158_28.5,0.0
HC03_VC158_28.6,0.0
HC03_VC158_28.8,-0.0
HC03_VC158_28.9,-1186.859367675156
HC03_VC158_29.1,0.0
HC03_VC158_29.4,-0.0
HC03_VC158_29.5,-141.89601800994242
HC03_VC158_29.6,0.0
HC03_VC158_29.7,0.0
HC03_VC158_3.1,-0.0
HC03_VC158_3.2,-0.0
HC03_VC158_3.3,0.0
HC03_VC158_3.4,-0.0
HC03_VC158_3.5,-0.0
HC03_VC158_3.6,0.0
HC03_VC158_3.8,-0.0
HC03_VC158_30,-12.064015764342349
HC03_VC158_30.2,-77.1949866559031
HC03_VC158_30.3,9.797880531305804
HC03_VC158_30.4,-0.0
HC03_VC158_30.6,-0.0
HC03_VC158_30.7,0.0
HC03_VC158_30.9,0.0
HC03_VC158_31,-0.0
HC03_VC158_31.4,28.236395848074398
HC03_VC158_31.6,0.0
HC03_VC158_31.7,-0.0
HC03_VC158_31.9,-360.2119983291839
HC03_VC158_32.1,-0.0
HC03_VC158_32.2,0.0
HC03_VC158_32.3,-0.0
HC03_VC158_32.5,-137.79587553961395
HC03_VC158_32.6,0.0
HC03_VC158_32.7,0.0
HC03_VC158_32.9,4.416705631381543
HC03_VC158_33,-0.0
HC03_VC158_33.1,0.0
HC03_VC158_33.2,0.0
HC03_VC158_33.5,2.492645020760645
HC03_VC158_33.6,0.0
HC03_VC158_33.7,74.87427574985615
HC03_VC158_33.8,-0.0
HC03_VC158_33.9,-0.0
HC03_VC158_34.2,0.0
HC03_VC158_34.4,-0.0
HC03_VC158_34.5,0.0
HC03_VC158_34.6,-0.0
HC03_VC158_34.9,-37.299754317915166
HC03_VC158_35.3,0.0
HC03_VC158_35.4,-5115.355929248458
HC03_VC158_35.5,0.0
HC03_VC158_35.6,-0.13955257858270467
HC03_VC158_36.1,-311.4394457493728
HC03_VC158_36.3,0.0
HC03_VC158_36.4,0.0
HC03_VC158_36.7,-0.0
HC03_VC158_36.8,0.0
HC03_VC158_37.1,-0.0
HC03_VC158_37.2,-0.0
HC03_VC158_37.3,-0.0
HC03_VC158_37.6,0.0
HC03_VC158_37.7,0.0
HC03_VC158_38,46.095906797181144
HC03_VC158_38.4,-333.01504239034296
HC03_VC158_38.5,0.0
HC03_VC158_38.6,-55.56714966100101
HC03_VC158_38.8,-0.0
HC03_VC158_39,-0.0
HC03_VC158_39.3,-0.0
HC03_VC158_39.5,0.0
HC03_VC158_39.7,0.0
HC03_VC158_39.8,1145.4608702352266
HC03_VC158_4.6,-0.0
HC03_VC158_4.8,-0.0
HC03_VC158_40,-0.0
HC03_VC158_40.1,1174.5275312412816
HC03_VC158_40.2,0.0
HC03_VC158_40.5,0.0
HC03_VC158_40.6,14.935917425444224
HC03_VC158_40.7,0.0
HC03_VC158_40.8,0.0
HC03_VC158_40.9,0.0
HC03_VC158_41,-0.0
HC03_VC158_41.7,-0.0
HC03_VC158_42,-0.0
HC03_VC158_42.1,-0.0
HC03_VC158_42.5,0.0
HC03_VC158_42.6,0.0
HC03_VC158_42.7,845.5038492452117
HC03_VC158_43.1,9.098792034704445
HC03_VC158_43.2,-0.0
HC03_VC158_43.7,-0.0
HC03_VC158_43.9,0.0
HC03_VC158_44.3,0.0
HC03_VC158_44.5,-3251.9589634909394
HC03_VC158_44.6,-0.0
HC03_VC158_44.9,-0.0
HC03_VC158_45.3,-0.0
HC03_VC158_45.5,-0.0
HC03_VC158_45.7,0.0
HC03_VC158_45.9,0.0
HC03_VC158_46.3,-0.0
HC03_VC158_46.4,103.70097455578735
HC03_VC158_46.6,-0.0
HC03_VC158_46.9,-0.0
HC03_VC158_47,0.0
HC03_VC158_47.5,-0.0
HC03_VC158_47.6,0.0
HC03_VC158_48.7,0.0
HC03_VC158_49,-0.0
HC03_VC158_49.1,-0.0
HC03_VC158_49.2,-55.736739839118
HC03_VC158_49.3,0.0
HC03_VC158_49.9,-0.0
HC03_VC158_5,-0.0
HC03_VC158_5.1,-0.0
HC03_VC158_5.3,0.0
HC03_VC158_5.4,0.0
HC03_VC158_5.5,-0.0
HC03_VC158_50.3,10.74991149905547
HC03_VC158_50.4,0.0
HC03_VC158_50.5,0.0
HC03_VC158_50.9,12.11824517631044
HC03_VC158_51,0.0
HC03_VC158_51.9,-1461.739281923236
HC03_VC158_52,-0.0
HC03_VC158_52.6,-0.0
HC03_VC158_52.7,0.0
HC03_VC158_53.1,0.0
HC03_VC158_53.3,-0.0
HC03_VC158_53.5,-0.0
HC03_VC158_53.7,0.0
HC03_VC158_54.1,0.0
HC03_VC158_54.2,-0.0
HC03_VC158_54.7,10.453781838975388
HC03_VC158_55.8,-0.0
HC03_VC158_56,-0.0
HC03_VC158_56.3,0.0
HC03_VC158_57.2,0.0
HC03_VC158_57.5,538.4853669478748
HC03_VC158_58.8,0.0
HC03_VC158_58.9,0.0
HC03_VC158_6.1,-124.64264784289946
HC03_VC158_6.2,0.0
HC03_VC158_6.5,-0.0
HC03_VC158_6.9,-0.0
HC03_VC158_60.7,0.0
HC03_VC158_60.9,-0.0
HC03_VC158_62.3,-0.0
HC03_VC158_63.6,0.0
HC03_VC158_63.8,-0.0
HC03_VC158_64.2,0.0
HC03_VC158_65.3,501.87984961030895
HC03_VC158_65.7,-0.0
HC03_VC158_65.9,-0.0
HC03_VC158_66.1,0.0
HC03_VC158_67.1,0.0
HC03_VC158_67.9,-0.0
HC03_VC158_69.1,0.0
HC03_VC158_7.1,0.0
HC03_VC158_7.3,-0.0
HC03_VC158_7.4,-0.0
HC03_VC158_7.5,0.0
HC03_VC158_7.8,-0.0
HC03_VC158_74.8,-0.0
HC03_VC158_75.4,0.0
HC03_VC158_76.1,-0.0
HC03_VC158_8.4,-0.0
HC03_VC158_8.9,-0.0
HC03_VC158_86.7,0.0
HC03_VC158_88.9,0.0
HC03_VC158_9,0.0
HC03_VC158_9.1,-0.0
HC03_VC158_9.8,-0.0
HC03_VC159_-,0.0
HC03_VC159_0,-614.1499603852329
HC03_VC159_0.2,2685.075590263172
HC03_VC159_0.3,0.0
HC03_VC159_0.4,-0.0
HC03_VC159_0.5,0.0
HC03_VC159_0.6,-0.0
HC03_VC159_0.7,4018.062076974732
HC03_VC159_0.8,0.0
HC03_VC159_1,-0.0
HC03_VC159_1.1,0.0
HC03_VC159_1.2,-1513.2562305269043
HC03_VC159_1.3,-444.8657199416423
HC03_VC159_1.4,-0.0
HC03_VC159_1.5,-327.79554287065486
HC03_VC159_1.6,102.42697130712743
HC03_VC159_1.7,1176.0921529387213
HC03_VC159_1.8,-258.80249035350505
HC03_VC159_1.9,-0.0
HC03_VC159_10,-0.0
HC03_VC159_10.2,1426.1969105707017
HC03_VC159_10.4,-0.0
HC03_VC159_10.6,-0.0
HC03_VC159_10.7,125.88078492084466
HC03_VC159_10.9,-0.6512811148645303
HC03_VC159_11,0.0
HC03_VC159_11.3,0.0
HC03_VC159_11.4,0.0
HC03_VC159_11.5,-0.0
HC03_VC159_11.7,-0.0
HC03_VC159_11.8,-0.0
HC03_VC159_11.9,-0.0
HC03_VC159_12,-0.0
HC03_VC159_12.1,-0.0
HC03_VC159_12.2,-0.0
HC03_VC159_12.4,0.0
HC03_VC159_13.2,0.0
HC03_VC159_13.5,36.181245072625536
HC03_VC159_13.8,-1295.8860760694606
HC03_VC159_13.9,0.0
HC03_VC159_14.4,14.973279414457824
HC03_VC159_14.5,0.0
HC03_VC159_14.6,-0.20102275835696012
HC03_VC159_15.4,0.0
HC03_VC159_16.1,-0.0
HC03_VC159_16.8,0.0
HC03_VC159_17,313.69099200453985
HC03_VC159_17.4,0.0
HC03_VC159_17.6,20.814221916145442
HC03_VC159_18,0.0
HC03_VC159_18.3,-0.0
HC03_VC159_18.6,0.0
HC03_VC159_18.8,0.0
HC03_VC159_19,-0.0
HC03_VC159_2,-0.0
HC03_VC159_2.2,-0.0
HC03_VC159_2.3,-0.0
HC03_VC159_2.4,0.0
HC03_VC159_2.5,0.0
HC03_VC159_2.6,-2147.429681515755
HC03_VC159_2.7,7100.196458591543
HC03_VC159_2.8,-229.08457718022967
HC03_VC159_2.9,-291.4924257320939
HC03_VC159_20,0.0
HC03_VC159_20.3,0.0
HC03_VC159_21,0.0
HC03_VC159_21.3,-0.0
HC03_VC159_23.1,-0.0
HC03_VC159_23.2,-0.0
HC03_VC159_28.4,-0.0
HC03_VC159_3,-61.74256294223954
HC03_VC159_3.1,-348.3280419298432
HC03_VC159_3.2,0.0
HC03_VC159_3.3,-0.0
HC03_VC159_3.4,0.0
HC03_VC159_3.5,0.0
HC03_VC159_3.6,1026.141840738459
HC03_VC159_3.7,689.5492637003528
HC03_VC159_3.9,0.0
HC03_VC159_33.3,0.0
HC03_VC159_34.4,-0.0
HC03_VC159_38.7,-0.0
HC03_VC159_4,-0.0
HC03_VC159_4.1,-0.0
HC03_VC159_4.2,-1332.5371441249633
HC03_VC159_4.3,-0.0
HC03_VC159_4.4,-0.0
HC03_VC159_4.6,558.4245277830255
HC03_VC159_4.7,1243.0461608656494
HC03_VC159_4.8,0.0
HC03_VC159_4.9,0.0
HC03_VC159_5,0.0
HC03_VC159_5.1,0.0
HC03_VC159_5.2,-0.0
HC03_VC159_5.3,-1414.760088928449
HC03_VC159_5.4,-0.0
HC03_VC159_5.5,-0.0
HC03_VC159_5.6,9509.200526062612
HC03_VC159_5.7,780.9364204387127
HC03_VC159_5.8,-0.0
HC03_VC159_5.9,2259.704417923912
HC03_VC159_51.4,0.0
HC03_VC159_55.6,0.0
HC03_VC159_6,-0.0
HC03_VC159_6.3,-613.5773471866622
HC03_VC159_6.4,0.0
HC03_VC159_6.5,0.0
HC03_VC159_6.6,-0.0
HC03_VC159_6.7,-1601.9535687617204
HC03_VC159_6.9,-0.0
HC03_VC159_60.2,0.0
HC03_VC159_7.2,886.8189882895705
HC03_VC159_7.3,0.0
HC03_VC159_7.5,-0.0
HC03_VC159_7.7,0.0
HC03_VC159_7.8,-0.0
HC03_VC159_7.9,0.0
HC03_VC159_8,-0.0
HC03_VC159_8.1,-0.0
HC03_VC159_8.2,-0.0
HC03_VC159_8.3,352.72746463812257
HC03_VC159_8.5,0.0
HC03_VC159_8.6,0.0
HC03_VC159_8.7,0.0
HC03_VC159_8.8,0.0
HC03_VC159_8.9,582.1439160121764
HC03_VC159_9,0.0
HC03_VC159_9.1,103.25108589634026
HC03_VC159_9.2,-733.9857373979991
HC03_VC159_9.3,-0.0
HC03_VC159_9.4,0.0
HC03_VC159_9.5,0.0
HC03_VC159_9.6,-1123.9457869320463
HC03_VC159_9.8,-0.0
HC03_VC160_-,0.0
HC03_VC160_0,958.5087837611948
HC03_VC160_0.1,1802.9571645052563
HC03_VC160_0.2,-4870.142620565034
HC03_VC160_0.3,181.84676368366337
HC03_VC160_0.4,86.60452445838723
HC03_VC160_0.5,769.8168372900553
HC03_VC160_0.6,-0.0
HC03_VC160_0.7,41.696590672467195
HC03_VC160_0.8,-830.4547919793329
HC03_VC160_0.9,-0.0
HC03_VC160_1,-0.0
HC03_VC160_1.1,-1781.414955453547
HC03_VC160_1.2,0.0
HC03_VC160_1.3,1746.1010526434698
HC03_VC160_1.5,0.0
HC03_VC160_1.6,-2.5827496802492975
HC03_VC160_1.8,3.0409130248935807
HC03_VC160_1.9,-0.0
HC03_VC160_10.1,-0.0
HC03_VC160_11.1,0.0
HC03_VC160_12.2,-0.0
HC03_VC160_13.3,-0.0
HC03_VC160_2,-0.0
HC03_VC160_2.2,-711.378433369636
HC03_VC160_2.4,-0.0
HC03_VC160_2.5,222.60421078754428
HC03_VC160_2.6,-0.0
HC03_VC160_2.7,0.0
HC03_VC160_2.8,0.0
HC03_VC160_2.9,-0.0
HC03_VC160_22.6,-0.0
HC03_VC160_3.3,-1296.5836653764234
HC03_VC160_3.6,-0.0
HC03_VC160_3.8,0.0
HC03_VC160_3.9,-0.0
HC03_VC160_36.7,0.0
HC03_VC160_4,0.0
HC03_VC160_4.2,-0.0
HC03_VC160_4.5,0.0
HC03_VC160_5.3,0.0
HC03_VC160_6,295.612990280559
HC03_VC160_6.5,-0.0
HC03_VC160_9.8,0.0
HC03_VC160_9.9,0.0
HC03_VC161_-,0.0
HC03_VC161_0,-41.24750159437967
HC03_VC161_0.9,0.0
HC03_VC161_1.3,0.0
HC03_VC161_1.5,0.0
HC03_VC161_1.6,-0.0
HC03_VC161_10.4,-0.0
HC03_VC161_10.7,-0.0
HC03_VC161_10.8,103.20967085628823
HC03_VC161_10.9,312.03879647819906
HC03_VC161_100,-757.1637263815347
HC03_VC161_11,-1861.1443615492385
HC03_VC161_11.4,0.0
HC03_VC161_11.5,-0.0
HC03_VC161_11.6,-0.0
HC03_VC161_11.7,-0.0
HC03_VC161_11.8,-0.0
HC03_VC161_11.9,-298.0441465820687
HC03_VC161_12,-0.0
HC03_VC161_12.2,0.0
HC03_VC161_12.4,-0.0
HC03_VC161_12.5,-0.0
HC03_VC161_12.7,-0.0
HC03_VC161_12.8,-0.0
HC03_VC161_12.9,0.0
HC03_VC161_13.2,0.0
HC03_VC161_13.3,-287.613922777735
HC03_VC161_13.4,-0.0
HC03_VC161_13.7,835.0207165268424
HC03_VC161_13.8,-2309.4781156401527
HC03_VC161_13.9,-0.0
HC03_VC161_14.3,190.63108086244804
HC03_VC161_14.5,0.0
HC03_VC161_14.6,0.0
HC03_VC161_14.9,-0.0
HC03_VC161_15,0.0
HC03_VC161_15.1,0.0
HC03_VC161_15.3,-0.0
HC03_VC161_15.4,-2.9229061681431903
HC03_VC161_15.7,-0.0
HC03_VC161_15.8,-0.0
HC03_VC161_16,-0.0
HC03_VC161_16.2,0.0
HC03_VC161_16.3,-0.0
HC03_VC161_17.2,-0.0
HC03_VC161_17.5,0.0
HC03_VC161_17.6,0.0
HC03_VC161_17.7,-0.0
HC03_VC161_17.8,0.0
HC03_VC161_17.9,0.0
HC03_VC161_18.2,-49.770266613279446
HC03_VC161_18.6,-0.0
HC03_VC161_18.7,-0.0
HC03_VC161_18.8,-0.0
HC03_VC161_19.1,0.0
HC03_VC161_19.2,-0.0
HC03_VC161_19.4,-0.0
HC03_VC161_19.5,0.0
HC03_VC161_19.6,-0.0
HC03_VC161_19.8,2716.578722517375
HC03_VC161_2.1,0.0
HC03_VC161_2.3,0.0
HC03_VC161_20,-0.0
HC03_VC161_20.4,0.0
HC03_VC161_20.7,44.066352031581424
HC03_VC161_20.8,0.0
HC03_VC161_21.3,-0.0
HC03_VC161_21.4,-0.0
HC03_VC161_21.5,-0.0
HC03_VC161_21.7,0.0
HC03_VC161_21.8,0.0
HC03_VC161_22,-0.0
HC03_VC161_22.2,-0.0
HC03_VC161_22.3,0.0
HC03_VC161_22.4,0.0
HC03_VC161_22.5,0.0
HC03_VC161_22.7,606.807195624583
HC03_VC161_22.9,0.0
HC03_VC161_23.1,1563.6461574488887
HC03_VC161_23.2,477.7054747797447
HC03_VC161_23.3,-0.0
HC03_VC161_23.8,0.0
HC03_VC161_24.5,-0.0
HC03_VC161_24.6,26.195886753556653
HC03_VC161_24.8,0.0
HC03_VC161_25,-0.0
HC03_VC161_25.1,0.0
HC03_VC161_25.3,0.0
HC03_VC161_25.4,-0.0
HC03_VC161_25.6,0.0
HC03_VC161_25.8,-0.0
HC03_VC161_26,-0.0
HC03_VC161_26.3,-0.0
HC03_VC161_26.5,-38.912407272684916
HC03_VC161_26.6,0.0
HC03_VC161_26.7,0.0
HC03_VC161_26.8,0.0
HC03_VC161_27,0.0
HC03_VC161_27.1,149.22284233352218
HC03_VC161_27.2,0.0
HC03_VC161_27.6,-0.0
HC03_VC161_28.1,0.0
HC03_VC161_28.3,-0.0
HC03_VC161_28.4,461.1335124969772
HC03_VC161_28.6,-0.0
HC03_VC161_28.7,0.0
HC03_VC161_28.8,0.0
HC03_VC161_28.9,-0.0
HC03_VC161_29.6,0.0
HC03_VC161_29.7,397.7505862651932
HC03_VC161_29.9,-0.0
HC03_VC161_3.2,-0.0
HC03_VC161_30.1,-742.3588392408328
HC03_VC161_30.3,3884.2196564731803
HC03_VC161_30.4,-733.575006767078
HC03_VC161_30.5,-0.0
HC03_VC161_30.8,0.0
HC03_VC161_30.9,0.0
HC03_VC161_31.1,0.0
HC03_VC161_31.6,-1266.9850573531837
HC03_VC161_31.7,-0.0
HC03_VC161_31.9,-0.0
HC03_VC161_32.1,-0.0
HC03_VC161_32.3,-0.0
HC03_VC161_32.6,9.877981205564165
HC03_VC161_32.9,-31.749860127122403
HC03_VC161_33,-1378.9577338039824
HC03_VC161_33.2,0.0
HC03_VC161_33.4,0.0
HC03_VC161_33.5,0.0
HC03_VC161_33.7,-0.0
HC03_VC161_33.8,-0.0
HC03_VC161_33.9,0.0
HC03_VC161_34.2,-0.0
HC03_VC161_35.5,-0.0
HC03_VC161_36.1,-928.9441591589532
HC03_VC161_36.2,0.0
HC03_VC161_36.3,0.0
HC03_VC161_36.4,-0.0
HC03_VC161_36.5,-0.0
HC03_VC161_36.9,-0.0
HC03_VC161_37,-0.0
HC03_VC161_37.1,-0.0
HC03_VC161_37.4,0.0
HC03_VC161_37.5,0.0
HC03_VC161_37.6,-0.0
HC03_VC161_37.7,0.0
HC03_VC161_38,0.0
HC03_VC161_38.3,-0.0
HC03_VC161_38.7,0.0
HC03_VC161_38.8,12.054168290270903
HC03_VC161_38.9,-0.0
HC03_VC161_39.2,0.0
HC03_VC161_39.9,-0.0
HC03_VC161_4.3,-0.0
HC03_VC161_4.4,-0.0
HC03_VC161_4.7,0.0
HC03_VC161_40.1,-0.0
HC03_VC161_40.4,0.0
HC03_VC161_40.7,0.0
HC03_VC161_40.8,0.0
HC03_VC161_40.9,0.0
HC03_VC161_41.2,0.0
HC03_VC161_41.6,0.0
HC03_VC161_41.8,0.0
HC03_VC161_41.9,688.8899200556526
HC03_VC161_42.1,-111.07082863620427
HC03_VC161_42.3,0.0
HC03_VC161_42.5,-1209.3721734945893
HC03_VC161_42.6,-0.0
HC03_VC161_43,0.0
HC03_VC161_43.3,0.0
HC03_VC161_43.4,-0.0
HC03_VC161_43.5,-0.0
HC03_VC161_43.6,-0.0
HC03_VC161_44.2,-0.0
HC03_VC161_44.4,1217.5547094698163
HC03_VC161_44.7,0.0
HC03_VC161_45,107.69822067330125
HC03_VC161_45.2,241.93908243351765
HC03_VC161_45.5,0.0
HC03_VC161_45.7,-0.0
HC03_VC161_46,733.1053398657998
HC03_VC161_46.4,403.8821139874848
HC03_VC161_46.5,-0.0
HC03_VC161_46.6,0.0
HC03_VC161_46.9,-0.0
HC03_VC161_47.1,0.0
HC03_VC161_47.2,-1.089100101519288
HC03_VC161_47.4,0.0
HC03_VC161_48,0.0
HC03_VC161_48.2,-103.70762957942078
HC03_VC161_48.6,-0.0
HC03_VC161_48.8,-0.0
HC03_VC161_49.2,-0.0
HC03_VC161_49.4,663.2228365099475
HC03_VC161_49.5,-0.0
HC03_VC161_5,0.0
HC03_VC161_5.2,-0.0
HC03_VC161_5.3,0.0
HC03_VC161_5.4,0.0
HC03_VC161_5.6,-0.0
HC03_VC161_50,-1474.951592576883
HC03_VC161_50.5,-0.0
HC03_VC161_50.6,0.0
HC03_VC161_50.7,0.0
HC03_VC161_51.3,0.0
HC03_VC161_51.4,0.0
HC03_VC161_51.9,-0.0
HC03_VC161_52.1,-0.0
HC03_VC161_52.7,-0.0
HC03_VC161_53.2,-0.0
HC03_VC161_53.4,-3126.643765500684
HC03_VC161_54,-0.0
HC03_VC161_54.2,0.0
HC03_VC161_54.3,-0.0
HC03_VC161_54.4,-0.0
HC03_VC161_54.5,0.0
HC03_VC161_54.6,-0.0
HC03_VC161_54.8,0.0
HC03_VC161_54.9,0.0
HC03_VC161_55.9,0.0
HC03_VC161_56.1,0.0
HC03_VC161_56.4,-0.0
HC03_VC161_56.5,0.0
HC03_VC161_56.7,0.0
HC03_VC161_57.6,-0.0
HC03_VC161_58.1,-0.0
HC03_VC161_58.3,-0.0
HC03_VC161_58.8,-0.0
HC03_VC161_59.4,0.0
HC03_VC161_6,0.0
HC03_VC161_6.3,0.0
HC03_VC161_6.5,0.0
HC03_VC161_6.6,-0.0
HC03_VC161_6.7,-0.0
HC03_VC161_60,0.0
HC03_VC161_61.6,-0.0
HC03_VC161_61.7,-573.7437896799868
HC03_VC161_62.1,0.0
HC03_VC161_62.7,-0.0
HC03_VC161_63.1,0.0
HC03_VC161_63.4,-102.14598062882303
HC03_VC161_63.5,0.0
HC03_VC161_63.8,-0.0
HC03_VC161_63.9,-0.0
HC03_VC161_64.2,-0.0
HC03_VC161_64.7,0.0
HC03_VC161_64.8,-0.0
HC03_VC161_65,-0.0
HC03_VC161_65.1,-33.451945722406585
HC03_VC161_65.3,-0.0
HC03_VC161_65.8,0.0
HC03_VC161_66,-0.0
HC03_VC161_66.2,0.0
HC03_VC161_66.8,-7.293560306732769
HC03_VC161_68,0.0
HC03_VC161_68.2,-183.45564450606363
HC03_VC161_68.4,-0.0
HC03_VC161_69,0.0
HC03_VC161_69.4,-0.0
HC03_VC161_7.1,0.0
HC03_VC161_7.4,0.0
HC03_VC161_7.6,558.925809016525
HC03_VC161_7.9,-0.0
HC03_VC161_71,-0.0
HC03_VC161_71.1,-0.0
HC03_VC161_71.2,-0.0
HC03_VC161_71.3,-212.70797520411693
HC03_VC161_71.5,-0.0
HC03_VC161_72.5,0.0
HC03_VC161_72.6,-0.0
HC03_VC161_72.7,-0.0
HC03_VC161_73.4,-0.0
HC03_VC161_74.7,0.0
HC03_VC161_75,119.49404732589477
HC03_VC161_75.1,0.0
HC03_VC161_76,0.0
HC03_VC161_76.9,-0.0
HC03_VC161_77.1,0.0
HC03_VC161_77.4,-0.0
HC03_VC161_77.5,0.0
HC03_VC161_77.6,2.7804045801763926
HC03_VC161_77.9,-0.0
HC03_VC161_78.3,-0.0
HC03_VC161_78.5,0.0
HC03_VC161_78.7,-0.0
HC03_VC161_78.9,-422.4251174965084
HC03_VC161_79,0.0
HC03_VC161_8,0.0
HC03_VC161_8.7,0.0
HC03_VC161_8.9,-0.0
HC03_VC161_80.1,-0.0
HC03_VC161_81.8,-0.0
HC03_VC161_82.2,0.0
HC03_VC161_82.4,0.0
HC03_VC161_84.6,0.0
HC03_VC161_84.7,-0.0
HC03_VC161_86,-0.0
HC03_VC161_86.2,0.0
HC03_VC161_88.2,0.0
HC03_VC161_89.4,27.061846968479802
HC03_VC161_9.1,-0.0
HC03_VC161_9.3,0.0
HC03_VC161_9.4,0.0
HC03_VC161_9.6,0.0
HC03_VC161_9.8,-0.0
HC03_VC161_9.9,5007.348520896507
HC03_VC161_90.4,-0.0
HC03_VC161_92.1,0.0
HC03_VC161_92.3,0.0
HC03_VC161_92.4,-0.0
HC03_VC161_92.7,-0.0
HC03_VC161_93.9,-0.0
HC03_VC161_94.5,-1085.7934102356132
HC03_VC161_96,0.0
HC03_VC162_-,0.0
HC03_VC162_0,-555.7840590809225
HC03_VC162_0.1,0.0
HC03_VC162_0.2,0.0
HC03_VC162_0.5,-0.0
HC03_VC162_0.6,0.0
HC03_VC162_0.8,1197.8110942566407
HC03_VC162_0.9,-0.0
HC03_VC162_1,986.5684970895452
HC03_VC162_1.1,-0.0
HC03_VC162_1.2,-0.0
HC03_VC162_1.3,-5129.798042317468
HC03_VC162_1.4,1774.591187142472
HC03_VC162_1.5,-0.0
HC03_VC162_1.6,0.0
HC03_VC162_1.7,-0.0
HC03_VC162_1.8,-0.0
HC03_VC162_1.9,0.0
HC03_VC162_10.1,0.0
HC03_VC162_10.2,0.0
HC03_VC162_10.3,0.0
HC03_VC162_10.4,-0.0
HC03_VC162_10.5,801.3670880399816
HC03_VC162_10.6,0.0
HC03_VC162_10.7,-355.9540810299579
HC03_VC162_100,-0.0
HC03_VC162_11,0.0
HC03_VC162_11.2,-0.0
HC03_VC162_11.4,-131.2644261000526
HC03_VC162_11.7,0.0
HC03_VC162_11.9,0.0
HC03_VC162_12,0.0
HC03_VC162_12.1,201.1894426678197
HC03_VC162_12.4,0.0
HC03_VC162_12.5,0.0
HC03_VC162_12.7,0.0
HC03_VC162_13,-0.0
HC03_VC162_13.1,-0.0
HC03_VC162_13.8,0.0
HC03_VC162_14,0.0
HC03_VC162_14.1,0.0
HC03_VC162_14.2,0.0
HC03_VC162_14.3,609.9289666442373
HC03_VC162_15.2,-0.0
HC03_VC162_15.4,-0.0
HC03_VC162_16.3,0.0
HC03_VC162_16.4,0.0
HC03_VC162_16.5,0.0
HC03_VC162_17.1,-0.0
HC03_VC162_17.9,-0.0
HC03_VC162_18.2,-0.0
HC03_VC162_18.7,0.0
HC03_VC162_19.6,-0.0
HC03_VC162_19.7,-0.0
HC03_VC162_2,-0.0
HC03_VC162_2.1,-1174.617632428651
HC03_VC162_2.2,-4932.879395142354
HC03_VC162_2.3,-0.0
HC03_VC162_2.4,0.0
HC03_VC162_2.5,-3977.180829042231
HC03_VC162_2.6,527.0369288199469
HC03_VC162_2.7,-1330.413803615665
HC03_VC162_2.8,-0.0
HC03_VC162_2.9,-491.0487252637868
HC03_VC162_20.5,0.0
HC03_VC162_20.6,170.76649225066282
HC03_VC162_22.4,0.0
HC03_VC162_22.6,0.0
HC03_VC162_22.9,-0.0
HC03_VC162_24.1,-0.0
HC03_VC162_25,0.0
HC03_VC162_25.2,-0.0
HC03_VC162_25.4,-0.0
HC03_VC162_26.6,-0.0
HC03_VC162_26.7,-0.0
HC03_VC162_26.9,0.0
HC03_VC162_28.9,0.0
HC03_VC162_3,-458.094593430968
HC03_VC162_3.1,-443.80764564294293
HC03_VC162_3.2,-36.14286433506296
HC03_VC162_3.3,-0.0
HC03_VC162_3.4,0.0
HC03_VC162_3.5,-0.0
HC03_VC162_3.6,540.1242125123043
HC03_VC162_3.7,397.6547555822519
HC03_VC162_3.8,0.0
HC03_VC162_3.9,0.0
HC03_VC162_30.2,-0.0
HC03_VC162_34.2,-0.0
HC03_VC162_4.1,441.9597504518967
HC03_VC162_4.2,225.9018050512835
HC03_VC162_4.3,0.0
HC03_VC162_4.4,-0.0
HC03_VC162_4.5,-2282.6198610404153
HC03_VC162_4.6,-0.0
HC03_VC162_4.7,-0.0
HC03_VC162_4.8,-0.0
HC03_VC162_4.9,26.065117840017137
HC03_VC162_5,0.0
HC03_VC162_5.1,-0.0
HC03_VC162_5.2,-619.3154353829717
HC03_VC162_5.3,519.6891741040359
HC03_VC162_5.4,-463.79407554776043
HC03_VC162_5.5,0.0
HC03_VC162_5.6,-0.0
HC03_VC162_5.7,-0.0
HC03_VC162_5.8,22.256710245484044
HC03_VC162_5.9,-0.0
HC03_VC162_52.1,-0.0
HC03_VC162_6,4.405959945903331
HC03_VC162_6.1,-0.0
HC03_VC162_6.2,0.0
HC03_VC162_6.3,37.5392148419096
HC03_VC162_6.5,0.0
HC03_VC162_6.6,0.0
HC03_VC162_6.7,0.0
HC03_VC162_6.8,0.0
HC03_VC162_6.9,0.0
HC03_VC162_7,0.0
HC03_VC162_7.1,0.0
HC03_VC162_7.2,-0.0
HC03_VC162_7.3,-16.684587885700463
HC03_VC162_7.5,0.0
HC03_VC162_7.7,-0.0
HC03_VC162_7.8,0.0
HC03_VC162_7.9,-0.0
HC03_VC162_8,-0.0
HC03_VC162_8.1,-359.3220532621218
HC03_VC162_8.2,-410.04833072691554
HC03_VC162_8.3,-936.479620509847
HC03_VC162_8.4,0.0
HC03_VC162_8.5,-1288.2974199999846
HC03_VC162_9,-0.0
HC03_VC162_9.1,1533.7701974989402
HC03_VC162_9.2,-938.9162081011003
HC03_VC162_9.3,0.0
HC03_VC162_9.4,-473.75808814141874
HC03_VC162_9.6,-0.0
HC03_VC162_9.7,-444.28510501842834
HC03_VC162_9.8,-0.0
HC03_VC162_9.9,-0.0
